Frequency(Hz),Return Loss(dB),Phase(deg),Rs,SWR,Xs,|Z|,Theta
45000000,-0.45,12.96,97.0,38.44,417.8,429.0,76.9
45001500,-0.45,13.00,96.3,38.50,416.8,427.8,77.0
45003000,-0.45,12.96,96.6,38.61,418.1,429.2,77.0
45004500,-0.45,13.01,96.0,38.60,416.8,427.8,77.0
45006000,-0.45,12.96,96.2,38.78,418.3,429.2,77.0
45007500,-0.45,12.94,97.0,38.56,418.6,429.7,77.0
45009000,-0.45,12.97,95.8,38.95,418.3,429.1,77.1
45010500,-0.45,12.96,96.0,38.85,418.3,429.2,77.1
45012000,-0.45,13.01,95.1,39.03,417.3,428.0,77.2
45013500,-0.45,12.93,96.8,38.71,419.0,430.1,77.0
45015000,-0.45,12.96,96.0,38.91,418.6,429.5,77.1
45016500,-0.45,12.98,96.6,38.51,417.6,428.6,77.0
45018000,-0.44,12.87,96.8,39.08,421.3,432.3,77.1
45019500,-0.45,12.96,96.7,38.63,418.3,429.3,77.0
45021000,-0.45,12.92,96.6,38.88,419.7,430.7,77.0
45022500,-0.44,12.92,96.1,39.12,420.0,430.9,77.1
45024000,-0.44,12.89,96.5,39.10,420.6,431.6,77.1
45025500,-0.44,12.87,96.2,39.39,421.7,432.5,77.1
45027000,-0.45,12.92,96.8,38.78,419.5,430.5,77.0
45028500,-0.44,12.89,96.0,39.36,421.0,431.8,77.2
45030000,-0.45,12.88,97.2,38.88,420.9,432.0,77.0
45031500,-0.44,12.90,96.1,39.19,420.4,431.3,77.1
45033000,-0.45,12.88,97.4,38.76,420.7,431.8,77.0
45034500,-0.45,12.89,97.4,38.76,420.5,431.7,77.0
45036000,-0.44,12.86,95.9,39.58,422.2,433.0,77.2
45037500,-0.45,12.87,97.4,38.86,421.1,432.2,77.0
45039000,-0.44,12.91,95.8,39.32,420.4,431.2,77.2
45040500,-0.44,12.86,96.6,39.29,422.0,432.9,77.1
45042000,-0.44,12.84,95.6,39.87,423.2,433.8,77.3
45043500,-0.44,12.86,96.6,39.29,422.0,432.9,77.1
45045000,-0.44,12.86,96.8,39.15,421.7,432.7,77.1
45046500,-0.44,12.85,97.1,39.09,422.0,433.0,77.0
45048000,-0.44,12.84,96.6,39.42,422.6,433.5,77.1
45049500,-0.44,12.86,96.2,39.45,422.0,432.8,77.2
45051000,-0.44,12.82,96.7,39.45,423.1,434.0,77.1
45052500,-0.45,12.88,96.8,39.03,421.0,432.0,77.0
45054000,-0.44,12.85,96.5,39.32,422.1,433.0,77.1
45055500,-0.44,12.79,97.9,39.11,423.7,434.9,77.0
45057000,-0.44,12.82,96.5,39.58,423.3,434.2,77.2
45058500,-0.44,12.82,97.2,39.25,423.0,434.0,77.1
45060000,-0.44,12.81,97.1,39.38,423.6,434.6,77.1
45061500,-0.44,12.79,96.6,39.71,424.4,435.2,77.2
45063000,-0.44,12.76,97.6,39.44,425.0,436.1,77.1
45064500,-0.44,12.79,97.2,39.44,424.1,435.1,77.1
45066000,-0.43,12.78,96.2,39.98,425.1,435.9,77.2
45067500,-0.44,12.80,97.4,39.29,423.6,434.7,77.1
45069000,-0.44,12.80,97.3,39.36,423.8,434.8,77.1
45070500,-0.44,12.76,96.6,39.89,425.3,436.2,77.2
45072000,-0.44,12.79,97.4,39.34,423.9,435.0,77.1
45073500,-0.45,12.71,99.6,38.88,425.8,437.3,76.8
45075000,-0.44,12.74,97.1,39.82,426.0,437.0,77.2
45076500,-0.44,12.73,98.3,39.30,425.7,436.9,77.0
45078000,-0.44,12.71,98.8,39.27,426.3,437.6,77.0
45079500,-0.44,12.72,98.1,39.47,426.2,437.4,77.0
45081000,-0.44,12.76,97.7,39.44,425.1,436.1,77.1
45082500,-0.44,12.77,97.9,39.24,424.4,435.5,77.0
45084000,-0.44,12.72,98.3,39.43,426.3,437.5,77.0
45085500,-0.44,12.73,97.7,39.65,426.3,437.3,77.1
45087000,-0.44,12.73,98.6,39.19,425.6,436.9,77.0
45088500,-0.44,12.69,99.4,39.16,427.0,438.4,76.9
45090000,-0.44,12.68,98.4,39.62,427.5,438.7,77.0
45091500,-0.44,12.72,97.3,39.84,426.6,437.5,77.2
45093000,-0.44,12.67,98.6,39.58,427.8,439.0,77.0
45094500,-0.44,12.72,97.3,39.88,426.8,437.8,77.2
45096000,-0.44,12.70,98.1,39.63,427.0,438.1,77.1
45097500,-0.44,12.66,98.4,39.75,428.4,439.6,77.1
45099000,-0.44,12.71,98.4,39.45,426.6,437.8,77.0
45100500,-0.44,12.65,99.3,39.41,428.3,439.7,76.9
45102000,-0.44,12.67,98.9,39.43,427.6,438.9,77.0
45103500,-0.43,12.70,97.2,40.03,427.4,438.3,77.2
45105000,-0.44,12.64,98.6,39.83,429.2,440.4,77.1
45106500,-0.44,12.69,97.9,39.77,427.4,438.5,77.1
45108000,-0.43,12.64,98.3,39.96,429.4,440.5,77.1
45109500,-0.45,12.64,100.4,39.03,428.3,439.9,76.8
45111000,-0.44,12.66,98.5,39.69,428.2,439.4,77.0
45112500,-0.45,12.62,100.9,38.96,428.9,440.6,76.8
45114000,-0.44,12.63,99.8,39.36,429.0,440.4,76.9
45115500,-0.45,12.62,101.0,38.90,428.8,440.5,76.7
45117000,-0.44,12.64,98.6,39.77,429.0,440.2,77.1
45118500,-0.44,12.59,99.5,39.73,430.5,441.8,77.0
45120000,-0.44,12.61,100.6,39.13,429.3,440.9,76.8
45121500,-0.44,12.64,99.8,39.23,428.4,439.9,76.9
45123000,-0.44,12.65,99.5,39.37,428.4,439.8,76.9
45124500,-0.44,12.58,99.8,39.67,430.8,442.2,77.0
45126000,-0.44,12.59,99.6,39.65,430.3,441.7,77.0
45127500,-0.44,12.61,99.7,39.53,429.8,441.2,76.9
45129000,-0.44,12.63,100.2,39.20,428.8,440.4,76.9
45130500,-0.44,12.58,99.7,39.69,430.7,442.1,77.0
45132000,-0.44,12.62,99.9,39.35,429.1,440.6,76.9
45133500,-0.44,12.62,99.7,39.44,429.2,440.6,76.9
45135000,-0.43,12.58,98.3,40.36,431.6,442.6,77.2
45136500,-0.44,12.53,101.5,39.27,431.9,443.7,76.8
45138000,-0.44,12.57,99.3,39.91,431.3,442.6,77.0
45139500,-0.44,12.61,99.2,39.68,429.8,441.1,77.0
45141000,-0.43,12.58,99.0,40.02,431.3,442.5,77.1
45142500,-0.44,12.50,101.0,39.67,433.3,444.9,76.9
45144000,-0.44,12.53,100.3,39.80,432.6,444.1,76.9
45145500,-0.43,12.55,99.0,40.21,432.4,443.6,77.1
45147000,-0.44,12.51,101.0,39.58,432.8,444.5,76.9
45148500,-0.44,12.53,101.6,39.18,431.7,443.4,76.8
45150000,-0.43,12.53,99.7,40.03,432.7,444.0,77.0
45151500,-0.44,12.54,100.2,39.74,432.1,443.6,76.9
45153000,-0.44,12.51,100.7,39.75,433.1,444.6,76.9
45154500,-0.44,12.51,100.5,39.84,433.3,444.8,76.9
45156000,-0.43,12.52,99.2,40.30,433.3,444.5,77.1
45157500,-0.43,12.50,99.6,40.29,434.0,445.3,77.1
45159000,-0.44,12.50,100.7,39.80,433.4,444.9,76.9
45160500,-0.43,12.50,100.0,40.13,433.8,445.2,77.0
45162000,-0.44,12.47,101.3,39.74,434.3,445.9,76.9
45163500,-0.43,12.55,99.4,40.07,432.3,443.6,77.1
45165000,-0.44,12.49,100.7,39.87,433.8,445.3,76.9
45166500,-0.43,12.49,100.3,40.07,434.1,445.6,77.0
45168000,-0.43,12.46,100.1,40.36,435.4,446.8,77.1
45169500,-0.43,12.50,98.5,40.79,434.4,445.4,77.2
45171000,-0.44,12.44,101.4,39.89,435.5,447.1,76.9
45172500,-0.43,12.48,100.1,40.20,434.6,446.0,77.0
45174000,-0.44,12.46,101.5,39.71,434.5,446.2,76.9
45175500,-0.43,12.46,100.6,40.13,435.2,446.7,77.0
45177000,-0.44,12.42,101.9,39.82,436.1,447.8,76.8
45178500,-0.42,12.45,98.6,41.05,436.2,447.3,77.3
45180000,-0.43,12.48,99.8,40.34,434.7,446.0,77.1
45181500,-0.43,12.47,100.2,40.22,434.9,446.3,77.0
45183000,-0.44,12.44,102.1,39.62,435.2,447.0,76.8
45184500,-0.43,12.43,101.0,40.17,436.2,447.7,77.0
45186000,-0.43,12.40,101.0,40.35,437.3,448.8,77.0
45187500,-0.43,12.40,101.2,40.23,437.0,448.5,77.0
45189000,-0.44,12.39,102.6,39.74,437.0,448.9,76.8
45190500,-0.44,12.43,101.6,39.91,435.9,447.6,76.9
45192000,-0.43,12.43,100.6,40.28,436.1,447.6,77.0
45193500,-0.44,12.37,103.3,39.51,437.1,449.2,76.7
45195000,-0.43,12.39,101.0,40.36,437.4,448.9,77.0
45196500,-0.44,12.41,101.9,39.83,436.2,447.9,76.8
45198000,-0.44,12.37,102.4,39.93,437.7,449.6,76.8
45199500,-0.43,12.42,101.0,40.22,436.6,448.1,77.0
45201000,-0.44,12.38,102.7,39.75,437.2,449.1,76.8
45202500,-0.43,12.36,101.7,40.31,438.5,450.2,76.9
45204000,-0.43,12.35,102.2,40.18,438.8,450.5,76.9
45205500,-0.43,12.39,99.9,40.88,438.0,449.2,77.2
45207000,-0.43,12.42,101.1,40.17,436.5,448.1,77.0
45208500,-0.43,12.41,100.9,40.29,436.7,448.2,77.0
45210000,-0.43,12.38,101.2,40.38,437.9,449.5,77.0
45211500,-0.43,12.35,101.7,40.37,438.9,450.5,77.0
45213000,-0.43,12.35,100.7,40.80,439.2,450.5,77.1
45214500,-0.43,12.33,102.0,40.39,439.5,451.2,76.9
45216000,-0.42,12.28,101.5,40.93,441.7,453.2,77.1
45217500,-0.43,12.34,101.6,40.52,439.4,451.0,77.0
45219000,-0.43,12.31,101.5,40.73,440.6,452.1,77.0
45220500,-0.43,12.35,101.2,40.58,439.0,450.5,77.0
45222000,-0.43,12.30,103.4,40.01,440.2,452.2,76.8
45223500,-0.43,12.34,102.4,40.14,439.0,450.7,76.9
45225000,-0.42,12.28,101.6,40.91,441.8,453.4,77.0
45226500,-0.43,12.27,102.4,40.61,441.7,453.4,76.9
45228000,-0.43,12.29,103.1,40.15,440.5,452.4,76.8
45229500,-0.43,12.28,103.6,40.04,440.9,452.9,76.8
45231000,-0.43,12.30,103.1,40.13,440.2,452.1,76.8
45232500,-0.42,12.29,101.2,41.02,441.6,453.0,77.1
45234000,-0.43,12.26,103.3,40.30,441.7,453.6,76.8
45235500,-0.43,12.25,103.0,40.52,442.4,454.2,76.9
45237000,-0.43,12.25,103.9,40.09,441.7,453.8,76.8
45238500,-0.43,12.21,104.8,39.97,442.9,455.2,76.7
45240000,-0.43,12.27,102.4,40.62,441.8,453.5,76.9
45241500,-0.43,12.26,102.1,40.84,442.3,454.0,77.0
45243000,-0.43,12.24,102.9,40.63,442.9,454.7,76.9
45244500,-0.42,12.26,101.6,41.02,442.4,453.9,77.1
45246000,-0.42,12.21,102.2,41.16,444.3,455.9,77.1
45247500,-0.43,12.24,103.1,40.52,442.6,454.4,76.9
45249000,-0.43,12.18,103.8,40.67,444.9,456.8,76.9
45250500,-0.43,12.22,102.9,40.73,443.4,455.2,76.9
45252000,-0.43,12.21,104.3,40.23,443.3,455.4,76.8
45253500,-0.43,12.22,104.1,40.24,443.0,455.1,76.8
45255000,-0.42,12.23,102.2,40.96,443.3,454.9,77.0
45256500,-0.43,12.18,104.1,40.53,444.6,456.7,76.8
45258000,-0.43,12.19,103.7,40.59,444.3,456.3,76.9
45259500,-0.43,12.17,104.5,40.41,444.8,456.9,76.8
45261000,-0.42,12.17,103.3,40.93,445.3,457.2,76.9
45262500,-0.42,12.16,103.2,41.06,445.9,457.7,77.0
45264000,-0.43,12.18,104.8,40.16,444.0,456.2,76.7
45265500,-0.43,12.15,104.6,40.47,445.3,457.5,76.8
45267000,-0.43,12.18,103.5,40.74,444.7,456.6,76.9
45268500,-0.43,12.20,104.1,40.39,443.9,455.9,76.8
45270000,-0.42,12.14,103.5,41.05,446.4,458.2,77.0
45271500,-0.43,12.18,103.9,40.60,444.8,456.8,76.8
45273000,-0.43,12.14,105.0,40.38,445.7,457.9,76.7
45274500,-0.43,12.16,104.6,40.42,445.2,457.3,76.8
45276000,-0.43,12.17,104.5,40.39,444.6,456.7,76.8
45277500,-0.43,12.18,103.9,40.59,444.6,456.6,76.8
45279000,-0.43,12.13,104.6,40.67,446.5,458.6,76.8
45280500,-0.43,12.13,104.3,40.78,446.5,458.5,76.9
45282000,-0.42,12.12,103.2,41.30,447.3,459.0,77.0
45283500,-0.43,12.11,105.4,40.41,446.7,459.0,76.7
45285000,-0.43,12.11,104.4,40.88,447.3,459.3,76.9
45286500,-0.43,12.10,105.9,40.32,447.0,459.4,76.7
45288000,-0.42,12.13,103.3,41.23,447.2,458.9,77.0
45289500,-0.42,12.12,103.3,41.28,447.4,459.2,77.0
45291000,-0.43,12.11,104.4,40.85,447.2,459.2,76.9
45292500,-0.43,12.11,105.7,40.33,446.8,459.1,76.7
45294000,-0.43,12.07,105.7,40.58,448.2,460.5,76.7
45295500,-0.42,12.13,104.0,40.91,446.7,458.7,76.9
45297000,-0.43,12.10,104.8,40.78,447.6,459.7,76.8
45298500,-0.42,12.10,104.3,40.94,447.6,459.6,76.9
45300000,-0.42,12.05,105.2,40.93,449.3,461.4,76.8
45301500,-0.42,12.13,103.4,41.19,447.0,458.8,77.0
45303000,-0.43,12.08,105.4,40.61,447.8,460.1,76.8
45304500,-0.42,12.06,104.4,41.25,449.4,461.4,76.9
45306000,-0.43,12.06,105.8,40.63,448.8,461.2,76.7
45307500,-0.43,12.05,105.5,40.81,449.3,461.5,76.8
45309000,-0.42,12.06,104.3,41.26,449.4,461.3,76.9
45310500,-0.42,12.07,104.5,41.09,448.9,460.9,76.9
45312000,-0.42,11.99,105.7,41.19,451.7,463.9,76.8
45313500,-0.43,12.02,107.0,40.42,449.8,462.4,76.6
45315000,-0.42,12.01,105.7,41.04,451.0,463.2,76.8
45316500,-0.42,12.02,105.4,41.08,450.5,462.7,76.8
45318000,-0.42,11.99,104.7,41.60,452.2,464.2,77.0
45319500,-0.42,12.01,105.5,41.10,450.9,463.1,76.8
45321000,-0.43,12.03,105.9,40.77,449.9,462.2,76.7
45322500,-0.42,12.02,105.7,40.91,450.2,462.5,76.8
45324000,-0.43,11.97,107.2,40.70,452.0,464.5,76.7
45325500,-0.43,11.99,106.7,40.75,451.2,463.6,76.7
45327000,-0.41,11.99,104.0,41.91,452.5,464.3,77.1
45328500,-0.42,11.97,106.6,40.93,452.2,464.6,76.7
45330000,-0.42,11.99,105.6,41.19,451.6,463.8,76.8
45331500,-0.42,11.98,106.2,41.04,452.0,464.3,76.8
45333000,-0.42,11.98,105.1,41.48,452.3,464.4,76.9
45334500,-0.43,11.97,106.7,40.86,451.9,464.3,76.7
45336000,-0.42,11.94,106.6,41.14,453.4,465.8,76.8
45337500,-0.42,11.92,106.9,41.14,453.9,466.3,76.8
45339000,-0.42,11.95,106.0,41.29,453.1,465.3,76.8
45340500,-0.42,11.95,105.4,41.58,453.5,465.6,76.9
45342000,-0.42,11.93,106.8,41.12,453.7,466.1,76.8
45343500,-0.42,11.93,106.9,41.09,453.7,466.1,76.7
45345000,-0.42,11.94,106.1,41.33,453.5,465.7,76.8
45346500,-0.42,11.89,106.8,41.37,455.2,467.6,76.8
45348000,-0.42,11.92,106.3,41.37,454.1,466.4,76.8
45349500,-0.42,11.90,105.8,41.78,455.5,467.6,76.9
45351000,-0.42,11.94,105.5,41.59,453.7,465.8,76.9
45352500,-0.42,11.87,108.1,40.96,455.4,468.1,76.6
45354000,-0.42,11.87,108.2,40.99,455.7,468.4,76.6
45355500,-0.42,11.85,107.7,41.34,456.8,469.4,76.7
45357000,-0.42,11.87,108.0,41.07,455.8,468.5,76.7
45358500,-0.42,11.88,107.5,41.16,455.3,467.9,76.7
45360000,-0.42,11.88,107.0,41.38,455.6,468.0,76.8
45361500,-0.42,11.87,106.6,41.67,456.5,468.8,76.9
45363000,-0.42,11.89,106.4,41.57,455.5,467.8,76.9
45364500,-0.42,11.82,107.2,41.73,458.0,470.4,76.8
45366000,-0.42,11.85,106.6,41.85,457.4,469.7,76.9
45367500,-0.42,11.84,107.4,41.52,457.3,469.7,76.8
45369000,-0.42,11.81,108.2,41.40,458.1,470.7,76.7
45370500,-0.42,11.86,107.3,41.47,456.7,469.1,76.8
45372000,-0.42,11.87,106.9,41.51,456.1,468.5,76.8
45373500,-0.42,11.84,108.2,41.16,456.7,469.4,76.7
45375000,-0.42,11.87,106.7,41.59,456.3,468.6,76.8
45376500,-0.41,11.80,107.0,41.95,459.0,471.3,76.9
45378000,-0.41,11.80,107.1,41.96,459.2,471.6,76.9
45379500,-0.41,11.79,106.5,42.27,459.8,472.0,77.0
45381000,-0.42,11.82,107.4,41.68,458.2,470.6,76.8
45382500,-0.42,11.83,107.1,41.69,457.6,470.0,76.8
45384000,-0.42,11.82,108.6,41.18,457.6,470.3,76.7
45385500,-0.41,11.79,106.8,42.16,459.7,472.0,76.9
45387000,-0.42,11.83,108.3,41.21,457.2,469.9,76.7
45388500,-0.41,11.80,106.6,42.13,459.2,471.4,76.9
45390000,-0.41,11.83,106.5,41.98,458.1,470.4,76.9
45391500,-0.41,11.75,107.4,42.23,461.4,473.7,76.9
45393000,-0.42,11.77,107.9,41.84,460.0,472.5,76.8
45394500,-0.41,11.75,108.2,41.87,460.9,473.5,76.8
45396000,-0.42,11.79,107.6,41.80,459.3,471.7,76.8
45397500,-0.41,11.77,106.8,42.33,460.7,472.9,77.0
45399000,-0.42,11.76,108.4,41.69,460.3,472.8,76.7
45400500,-0.41,11.74,107.8,42.14,461.6,474.0,76.9
45402000,-0.41,11.76,107.6,42.07,460.8,473.2,76.9
45403500,-0.42,11.73,109.6,41.38,460.9,473.7,76.6
45405000,-0.41,11.72,107.6,42.32,462.3,474.7,76.9
45406500,-0.42,11.73,109.0,41.68,461.5,474.2,76.7
45408000,-0.41,11.72,108.2,42.07,462.2,474.7,76.8
45409500,-0.41,11.72,106.7,42.70,462.7,474.8,77.0
45411000,-0.41,11.73,108.3,41.99,461.8,474.3,76.8
45412500,-0.41,11.71,108.8,41.94,462.4,475.1,76.8
45414000,-0.42,11.71,109.0,41.81,462.2,474.9,76.7
45415500,-0.42,11.67,109.6,41.87,463.7,476.4,76.7
45417000,-0.41,11.74,107.5,42.22,461.4,473.8,76.9
45418500,-0.41,11.73,108.5,41.90,461.7,474.2,76.8
45420000,-0.41,11.68,109.2,41.94,463.3,476.0,76.7
45421500,-0.41,11.66,109.5,41.97,464.3,477.0,76.7
45423000,-0.42,11.68,110.7,41.32,462.7,475.8,76.5
45424500,-0.41,11.69,108.4,42.20,463.3,475.8,76.8
45426000,-0.41,11.65,108.9,42.34,465.0,477.6,76.8
45427500,-0.42,11.65,110.0,41.79,464.1,477.0,76.7
45429000,-0.42,11.65,110.8,41.48,463.9,476.9,76.6
45430500,-0.42,11.67,109.9,41.74,463.6,476.4,76.7
45432000,-0.41,11.69,108.7,42.09,463.3,475.8,76.8
45433500,-0.42,11.65,110.9,41.41,463.7,476.8,76.5
45435000,-0.41,11.67,109.3,42.00,463.9,476.6,76.7
45436500,-0.41,11.62,109.4,42.33,466.1,478.7,76.8
45438000,-0.41,11.64,109.8,41.98,464.7,477.5,76.7
45439500,-0.41,11.60,109.8,42.28,466.6,479.4,76.8
45441000,-0.41,11.68,107.9,42.53,464.1,476.5,76.9
45442500,-0.42,11.64,110.3,41.79,464.6,477.5,76.6
45444000,-0.41,11.64,109.5,42.09,464.9,477.6,76.7
45445500,-0.41,11.63,110.3,41.87,465.2,478.1,76.7
45447000,-0.41,11.66,108.8,42.25,464.4,477.0,76.8
45448500,-0.41,11.63,108.5,42.67,466.2,478.6,76.9
45450000,-0.41,11.64,109.8,42.00,464.9,477.7,76.7
45451500,-0.41,11.58,109.7,42.51,467.6,480.3,76.8
45453000,-0.41,11.61,109.9,42.17,466.1,478.9,76.7
45454500,-0.41,11.60,109.8,42.33,466.9,479.6,76.8
45456000,-0.41,11.59,110.0,42.31,467.2,480.0,76.7
45457500,-0.41,11.55,111.0,42.15,468.3,481.3,76.7
45459000,-0.41,11.59,110.0,42.31,467.2,479.9,76.8
45460500,-0.41,11.59,110.2,42.16,466.7,479.6,76.7
45462000,-0.41,11.57,110.4,42.28,467.9,480.8,76.7
45463500,-0.41,11.58,109.6,42.55,467.7,480.4,76.8
45465000,-0.41,11.55,110.3,42.45,468.6,481.4,76.8
45466500,-0.41,11.50,111.3,42.42,470.5,483.5,76.7
45468000,-0.42,11.52,113.2,41.50,468.6,482.1,76.4
45469500,-0.41,11.57,110.0,42.48,468.1,480.9,76.8
45471000,-0.41,11.58,109.6,42.55,467.8,480.5,76.8
45472500,-0.42,11.53,112.3,41.79,468.6,481.9,76.5
45474000,-0.41,11.51,111.2,42.41,470.2,483.2,76.7
45475500,-0.41,11.53,110.4,42.60,469.7,482.5,76.8
45477000,-0.41,11.48,112.3,42.14,470.8,484.0,76.6
45478500,-0.41,11.56,110.7,42.17,467.8,480.8,76.7
45480000,-0.41,11.54,111.3,42.13,468.7,481.7,76.6
45481500,-0.41,11.49,110.9,42.67,471.2,484.1,76.8
45483000,-0.41,11.48,111.7,42.39,471.1,484.1,76.7
45484500,-0.41,11.48,112.0,42.25,470.9,484.1,76.6
45486000,-0.40,11.47,110.5,43.02,472.3,485.1,76.8
45487500,-0.41,11.51,110.3,42.77,470.4,483.1,76.8
45489000,-0.41,11.50,111.6,42.28,470.3,483.3,76.6
45490500,-0.41,11.51,110.8,42.53,470.1,483.0,76.7
45492000,-0.41,11.47,111.7,42.51,471.7,484.7,76.7
45493500,-0.41,11.47,110.9,42.84,472.1,485.0,76.8
45495000,-0.41,11.47,112.9,42.01,471.2,484.5,76.5
45496500,-0.41,11.46,111.5,42.63,472.0,485.0,76.7
45498000,-0.41,11.47,112.0,42.38,471.5,484.6,76.6
45499500,-0.41,11.44,111.8,42.67,473.0,486.0,76.7
45501000,-0.41,11.45,112.8,42.16,472.0,485.3,76.6
45502500,-0.41,11.48,111.7,42.43,471.3,484.3,76.7
45504000,-0.40,11.44,111.0,43.08,473.6,486.5,76.8
45505500,-0.41,11.50,110.8,42.66,470.9,483.7,76.8
45507000,-0.41,11.44,112.6,42.35,472.6,485.8,76.6
45508500,-0.41,11.47,112.1,42.34,471.6,484.7,76.6
45510000,-0.41,11.43,112.6,42.41,473.1,486.3,76.6
45511500,-0.41,11.43,112.8,42.38,473.2,486.5,76.6
45513000,-0.40,11.41,111.5,43.04,474.5,487.4,76.8
45514500,-0.41,11.39,113.5,42.33,474.4,487.8,76.5
45516000,-0.41,11.37,113.2,42.63,475.5,488.8,76.6
45517500,-0.41,11.38,113.2,42.58,475.3,488.6,76.6
45519000,-0.41,11.41,114.1,41.98,473.5,487.0,76.4
45520500,-0.41,11.38,113.6,42.38,474.8,488.2,76.5
45522000,-0.41,11.41,112.4,42.72,474.3,487.5,76.7
45523500,-0.40,11.40,112.0,42.91,474.7,487.7,76.7
45525000,-0.41,11.38,113.2,42.60,475.3,488.6,76.6
45526500,-0.41,11.38,113.7,42.39,475.0,488.4,76.5
45528000,-0.41,11.39,112.2,42.89,475.0,488.1,76.7
45529500,-0.41,11.34,114.3,42.41,476.5,490.0,76.5
45531000,-0.40,11.35,112.8,42.98,476.7,489.8,76.7
45532500,-0.41,11.34,114.2,42.48,476.7,490.2,76.5
45534000,-0.40,11.34,112.7,43.11,477.3,490.4,76.7
45535500,-0.41,11.36,113.4,42.64,476.1,489.4,76.6
45537000,-0.41,11.33,113.7,42.78,477.4,490.8,76.6
45538500,-0.41,11.32,114.6,42.46,477.2,490.8,76.5
45540000,-0.40,11.32,112.4,43.38,478.4,491.5,76.8
45541500,-0.41,11.32,114.3,42.64,477.7,491.1,76.5
45543000,-0.41,11.31,114.2,42.66,477.8,491.2,76.6
45544500,-0.41,11.33,115.3,42.05,476.3,490.0,76.4
45546000,-0.41,11.32,114.3,42.55,477.3,490.8,76.5
45547500,-0.41,11.30,114.1,42.81,478.4,491.8,76.6
45549000,-0.40,11.28,113.2,43.34,479.7,492.8,76.7
45550500,-0.40,11.27,113.2,43.43,480.3,493.5,76.7
45552000,-0.41,11.27,115.5,42.52,479.4,493.1,76.5
45553500,-0.41,11.30,114.1,42.83,478.6,492.0,76.6
45555000,-0.40,11.31,113.5,42.98,478.2,491.4,76.6
45556500,-0.41,11.31,114.5,42.61,477.9,491.5,76.5
45558000,-0.41,11.24,115.3,42.77,480.6,494.2,76.5
45559500,-0.40,11.30,113.1,43.26,479.0,492.2,76.7
45561000,-0.41,11.27,114.7,42.82,479.6,493.1,76.6
45562500,-0.40,11.24,114.3,43.21,481.2,494.6,76.6
45564000,-0.40,11.28,114.2,42.91,479.2,492.6,76.6
45565500,-0.41,11.20,116.2,42.77,482.2,496.0,76.5
45567000,-0.41,11.26,115.3,42.64,479.6,493.3,76.5
45568500,-0.40,11.24,114.7,43.07,481.1,494.5,76.6
45570000,-0.40,11.21,115.6,42.93,482.1,495.8,76.5
45571500,-0.40,11.18,116.0,43.05,483.5,497.2,76.5
45573000,-0.41,11.23,116.5,42.39,480.5,494.4,76.4
45574500,-0.40,11.20,115.8,42.93,482.5,496.2,76.5
45576000,-0.41,11.21,116.1,42.71,481.7,495.5,76.5
45577500,-0.41,11.20,116.5,42.67,482.2,496.1,76.4
45579000,-0.41,11.20,116.0,42.86,482.4,496.1,76.5
45580500,-0.41,11.17,117.3,42.55,483.1,497.1,76.4
45582000,-0.41,11.20,117.2,42.40,482.0,496.0,76.3
45583500,-0.40,11.17,116.3,42.93,483.4,497.2,76.5
45585000,-0.41,11.21,116.7,42.42,481.2,495.2,76.4
45586500,-0.41,11.16,116.8,42.78,483.7,497.6,76.4
45588000,-0.40,11.11,116.9,43.20,486.3,500.1,76.5
45589500,-0.40,11.19,115.7,43.06,483.1,496.7,76.5
45591000,-0.40,11.21,114.9,43.23,482.5,496.0,76.6
45592500,-0.40,11.17,114.8,43.56,484.2,497.6,76.7
45594000,-0.41,11.11,117.8,42.79,485.6,499.7,76.4
45595500,-0.40,11.18,115.6,43.22,483.8,497.4,76.6
45597000,-0.41,11.16,116.9,42.79,483.9,497.8,76.4
45598500,-0.41,11.16,117.1,42.70,483.6,497.6,76.4
45600000,-0.40,11.15,115.9,43.26,484.6,498.3,76.6
45601500,-0.40,11.15,115.3,43.56,485.3,498.8,76.6
45603000,-0.41,11.13,118.1,42.53,484.5,498.7,76.3
45604500,-0.40,11.16,115.4,43.44,484.8,498.3,76.6
45606000,-0.41,11.12,117.6,42.85,485.6,499.7,76.4
45607500,-0.40,11.13,115.8,43.47,485.8,499.4,76.6
45609000,-0.40,11.13,115.6,43.61,486.1,499.7,76.6
45610500,-0.41,11.12,118.3,42.59,485.3,499.5,76.3
45612000,-0.40,11.05,117.6,43.39,488.9,502.8,76.5
45613500,-0.40,11.08,116.4,43.68,488.2,501.9,76.6
45615000,-0.40,11.10,116.7,43.41,487.1,500.9,76.5
45616500,-0.39,11.06,116.0,43.99,489.2,502.8,76.7
45618000,-0.40,11.04,117.7,43.41,489.1,503.1,76.5
45619500,-0.40,11.05,116.8,43.78,489.5,503.2,76.6
45621000,-0.40,11.04,118.3,43.22,489.1,503.2,76.4
45622500,-0.40,11.08,116.9,43.50,488.0,501.8,76.5
45624000,-0.40,11.06,117.8,43.18,488.0,502.1,76.4
45625500,-0.40,11.05,117.9,43.27,488.7,502.7,76.4
45627000,-0.40,11.06,117.7,43.28,488.3,502.3,76.4
45628500,-0.40,11.01,118.0,43.58,490.8,504.8,76.5
45630000,-0.39,11.07,115.6,44.04,488.8,502.3,76.7
45631500,-0.40,11.03,116.9,43.88,490.4,504.1,76.6
45633000,-0.40,10.99,118.6,43.49,491.4,505.5,76.4
45634500,-0.40,11.03,117.1,43.77,490.1,503.9,76.6
45636000,-0.40,11.02,118.9,43.16,490.0,504.2,76.4
45637500,-0.39,11.01,116.8,44.08,491.4,505.1,76.6
45639000,-0.40,10.97,119.2,43.41,492.2,506.4,76.4
45640500,-0.40,11.01,117.7,43.69,490.8,504.7,76.5
45642000,-0.40,11.01,117.1,43.90,490.9,504.7,76.6
45643500,-0.40,10.94,119.1,43.70,493.7,507.8,76.4
45645000,-0.40,10.98,117.8,43.95,492.5,506.3,76.6
45646500,-0.40,10.99,118.5,43.51,491.3,505.4,76.4
45648000,-0.40,10.93,119.9,43.42,493.6,508.0,76.3
45649500,-0.40,10.96,118.7,43.68,492.8,506.9,76.5
45651000,-0.40,10.96,119.0,43.55,492.6,506.8,76.4
45652500,-0.40,10.95,119.4,43.54,493.2,507.4,76.4
45654000,-0.40,10.97,118.7,43.64,492.5,506.6,76.4
45655500,-0.40,11.00,118.0,43.65,491.2,505.2,76.5
45657000,-0.40,10.96,119.0,43.62,492.9,507.0,76.4
45658500,-0.40,10.95,119.0,43.65,493.1,507.2,76.4
45660000,-0.39,10.95,117.5,44.26,493.8,507.6,76.6
45661500,-0.40,10.97,118.2,43.82,492.6,506.6,76.5
45663000,-0.39,10.93,117.9,44.31,494.9,508.7,76.6
45664500,-0.40,10.96,118.3,43.87,493.1,507.1,76.5
45666000,-0.40,10.90,119.8,43.75,495.3,509.5,76.4
45667500,-0.40,10.90,119.4,43.96,495.8,510.0,76.5
45669000,-0.39,10.88,119.7,44.00,496.6,510.8,76.4
45670500,-0.40,10.91,120.9,43.18,494.1,508.7,76.2
45672000,-0.40,10.86,121.7,43.32,496.4,511.1,76.2
45673500,-0.39,10.86,119.7,44.17,497.6,511.8,76.5
45675000,-0.39,10.89,118.5,44.38,496.5,510.4,76.6
45676500,-0.40,10.88,121.2,43.36,495.6,510.2,76.3
45678000,-0.40,10.88,120.0,43.89,496.5,510.8,76.4
45679500,-0.40,10.88,120.2,43.75,496.2,510.6,76.4
45681000,-0.40,10.88,120.1,43.82,496.4,510.7,76.4
45682500,-0.40,10.87,121.1,43.52,496.5,511.0,76.3
45684000,-0.40,10.87,120.1,43.89,496.7,511.0,76.4
45685500,-0.40,10.85,121.0,43.74,497.5,512.0,76.3
45687000,-0.39,10.86,119.3,44.31,497.7,511.8,76.5
45688500,-0.40,10.84,120.9,43.85,498.1,512.6,76.4
45690000,-0.39,10.88,119.5,44.08,496.7,510.8,76.5
45691500,-0.40,10.83,120.8,43.93,498.4,512.9,76.4
45693000,-0.40,10.84,121.5,43.54,497.5,512.1,76.3
45694500,-0.40,10.82,121.6,43.74,498.8,513.4,76.3
45696000,-0.40,10.84,120.7,43.93,498.1,512.5,76.4
45697500,-0.39,10.81,120.6,44.22,499.7,514.0,76.4
45699000,-0.39,10.82,119.8,44.46,499.7,513.9,76.5
45700500,-0.39,10.79,121.5,44.00,500.2,514.7,76.3
45702000,-0.39,10.82,120.8,43.99,498.8,513.2,76.4
45703500,-0.40,10.83,122.0,43.43,497.7,512.4,76.2
45705000,-0.39,10.85,119.9,44.14,497.9,512.2,76.5
45706500,-0.40,10.82,121.5,43.77,498.8,513.3,76.3
45708000,-0.39,10.83,119.6,44.43,499.1,513.2,76.5
45709500,-0.39,10.79,121.4,44.07,500.4,514.9,76.4
45711000,-0.39,10.79,121.5,44.05,500.5,515.0,76.4
45712500,-0.39,10.79,119.9,44.64,500.8,514.9,76.5
45714000,-0.39,10.77,119.5,45.06,502.5,516.5,76.6
45715500,-0.39,10.77,120.8,44.44,501.5,515.8,76.5
45717000,-0.39,10.75,122.4,44.00,501.9,516.6,76.3
45718500,-0.39,10.75,121.9,44.20,502.1,516.7,76.4
45720000,-0.40,10.78,122.1,43.87,500.6,515.3,76.3
45721500,-0.40,10.77,122.2,43.83,500.6,515.3,76.3
45723000,-0.39,10.76,121.0,44.51,502.2,516.6,76.5
45724500,-0.39,10.75,121.8,44.18,501.9,516.5,76.4
45726000,-0.39,10.74,122.0,44.23,502.6,517.2,76.4
45727500,-0.39,10.73,122.1,44.27,502.9,517.5,76.4
45729000,-0.39,10.73,122.6,44.05,502.7,517.4,76.3
45730500,-0.39,10.73,121.3,44.60,503.4,517.9,76.5
45732000,-0.39,10.70,122.9,44.18,504.0,518.8,76.3
45733500,-0.39,10.72,122.1,44.35,503.5,518.1,76.4
45735000,-0.39,10.73,121.1,44.65,503.4,517.8,76.5
45736500,-0.39,10.69,122.8,44.30,504.6,519.3,76.3
45738000,-0.39,10.72,122.0,44.43,503.8,518.3,76.4
45739500,-0.39,10.71,121.8,44.56,504.2,518.7,76.4
45741000,-0.39,10.65,122.8,44.65,506.7,521.4,76.4
45742500,-0.39,10.68,122.5,44.59,505.6,520.2,76.4
45744000,-0.39,10.73,122.7,44.00,502.5,517.3,76.3
45745500,-0.39,10.69,122.2,44.59,505.1,519.7,76.4
45747000,-0.38,10.66,121.3,45.28,507.4,521.7,76.6
45748500,-0.39,10.67,123.4,44.25,505.4,520.3,76.3
45750000,-0.39,10.68,122.3,44.68,505.8,520.4,76.4
45751500,-0.39,10.64,123.6,44.43,507.0,521.8,76.3
45753000,-0.39,10.68,122.7,44.50,505.6,520.3,76.4
45754500,-0.39,10.66,123.3,44.40,506.3,521.1,76.3
45756000,-0.39,10.66,123.1,44.55,506.5,521.3,76.3
45757500,-0.39,10.67,123.6,44.21,505.6,520.5,76.3
45759000,-0.39,10.61,124.4,44.39,508.2,523.2,76.2
45760500,-0.39,10.64,123.1,44.68,507.5,522.2,76.4
45762000,-0.39,10.64,123.4,44.54,507.1,521.9,76.3
45763500,-0.39,10.62,124.7,44.20,507.6,522.6,76.2
45765000,-0.38,10.61,122.6,45.16,509.4,523.9,76.5
45766500,-0.39,10.66,122.8,44.61,506.4,521.1,76.4
45768000,-0.38,10.62,122.2,45.25,509.1,523.6,76.5
45769500,-0.39,10.60,123.6,44.85,509.4,524.1,76.4
45771000,-0.38,10.65,121.4,45.25,507.6,521.9,76.5
45772500,-0.39,10.62,124.2,44.41,507.9,522.9,76.3
45774000,-0.39,10.59,124.3,44.60,509.3,524.3,76.3
45775500,-0.39,10.60,123.4,44.88,509.3,524.0,76.4
45777000,-0.39,10.61,123.3,44.86,508.9,523.6,76.4
45778500,-0.39,10.61,124.3,44.47,508.5,523.5,76.3
45780000,-0.39,10.59,123.4,45.03,510.0,524.7,76.4
45781500,-0.39,10.58,124.1,44.77,509.9,524.8,76.3
45783000,-0.39,10.56,123.9,45.05,511.3,526.1,76.4
45784500,-0.39,10.54,125.7,44.49,511.3,526.5,76.2
45786000,-0.38,10.52,124.4,45.22,513.2,528.1,76.4
45787500,-0.38,10.57,122.9,45.36,511.2,525.8,76.5
45789000,-0.38,10.54,124.1,45.14,512.2,527.0,76.4
45790500,-0.39,10.52,125.1,44.97,513.1,528.1,76.3
45792000,-0.39,10.53,124.5,45.05,512.5,527.4,76.3
45793500,-0.39,10.51,126.2,44.58,512.9,528.2,76.2
45795000,-0.39,10.52,126.0,44.58,512.4,527.7,76.2
45796500,-0.39,10.53,124.9,44.90,512.3,527.3,76.3
45798000,-0.39,10.51,126.0,44.65,512.8,528.0,76.2
45799500,-0.39,10.54,124.9,44.86,512.1,527.1,76.3
45801000,-0.39,10.52,125.9,44.59,512.4,527.6,76.2
45802500,-0.39,10.48,125.6,45.09,514.7,529.8,76.3
45804000,-0.38,10.49,124.2,45.53,514.7,529.5,76.4
45805500,-0.38,10.51,124.9,45.14,513.7,528.7,76.3
45807000,-0.38,10.47,124.9,45.45,515.7,530.6,76.4
45808500,-0.39,10.49,125.8,44.87,513.9,529.1,76.2
45810000,-0.38,10.51,124.7,45.19,513.8,528.7,76.4
45811500,-0.39,10.46,127.7,44.45,514.8,530.4,76.1
45813000,-0.39,10.44,126.8,44.93,516.2,531.5,76.2
45814500,-0.39,10.52,125.0,45.00,513.0,528.0,76.3
45816000,-0.39,10.46,126.6,44.86,515.4,530.7,76.2
45817500,-0.39,10.47,126.1,45.01,515.3,530.5,76.3
45819000,-0.39,10.44,126.7,45.06,516.7,532.0,76.2
45820500,-0.39,10.47,125.7,45.13,515.2,530.3,76.3
45822000,-0.38,10.43,126.7,45.15,517.3,532.6,76.2
45823500,-0.38,10.42,126.7,45.25,517.8,533.1,76.3
45825000,-0.38,10.43,125.8,45.51,517.8,532.8,76.3
45826500,-0.39,10.41,128.6,44.56,517.3,533.0,76.0
45828000,-0.38,10.40,127.2,45.21,518.7,534.1,76.2
45829500,-0.38,10.41,124.9,45.98,518.9,533.7,76.5
45831000,-0.38,10.39,125.6,45.91,519.9,534.9,76.4
45832500,-0.38,10.42,126.3,45.30,517.5,532.7,76.3
45834000,-0.39,10.39,128.0,44.93,518.5,534.1,76.1
45835500,-0.38,10.39,126.4,45.59,519.3,534.5,76.3
45837000,-0.39,10.41,127.1,45.11,517.9,533.3,76.2
45838500,-0.38,10.41,126.9,45.17,517.9,533.2,76.2
45840000,-0.38,10.40,127.3,45.13,518.3,533.7,76.2
45841500,-0.39,10.39,127.6,45.06,518.6,534.1,76.2
45843000,-0.38,10.39,127.5,45.14,518.8,534.2,76.2
45844500,-0.38,10.37,126.2,45.87,520.6,535.7,76.4
45846000,-0.38,10.40,126.1,45.65,519.2,534.3,76.3
45847500,-0.39,10.39,127.6,45.08,518.6,534.1,76.2
45849000,-0.38,10.37,127.8,45.19,519.7,535.2,76.2
45850500,-0.39,10.40,128.5,44.68,517.8,533.5,76.1
45852000,-0.38,10.33,127.0,45.93,522.7,537.9,76.3
45853500,-0.39,10.32,129.8,44.84,521.4,537.3,76.0
45855000,-0.39,10.32,130.0,44.78,521.3,537.3,76.0
45856500,-0.38,10.34,128.7,45.14,521.1,536.8,76.1
45858000,-0.38,10.34,128.4,45.26,521.2,536.8,76.2
45859500,-0.39,10.31,130.8,44.62,521.8,538.0,75.9
45861000,-0.38,10.32,127.2,45.86,522.7,538.0,76.3
45862500,-0.38,10.33,128.2,45.43,522.0,537.5,76.2
45864000,-0.38,10.32,128.7,45.37,522.4,538.0,76.2
45865500,-0.38,10.33,127.4,45.74,522.2,537.5,76.3
45867000,-0.38,10.29,128.4,45.74,524.1,539.6,76.2
45868500,-0.38,10.29,129.3,45.34,523.6,539.3,76.1
45870000,-0.38,10.34,127.3,45.66,521.6,536.9,76.3
45871500,-0.38,10.27,129.1,45.57,524.6,540.3,76.2
45873000,-0.38,10.28,127.4,46.21,525.2,540.5,76.4
45874500,-0.38,10.27,129.5,45.47,524.7,540.4,76.1
45876000,-0.38,10.28,129.5,45.33,523.9,539.7,76.1
45877500,-0.38,10.26,128.3,46.08,526.1,541.5,76.3
45879000,-0.38,10.24,129.2,45.85,526.4,542.0,76.2
45880500,-0.38,10.29,127.9,45.92,524.3,539.7,76.3
45882000,-0.38,10.28,127.1,46.32,525.2,540.4,76.4
45883500,-0.39,10.29,130.7,44.82,522.9,539.0,76.0
45885000,-0.38,10.24,128.5,46.13,526.8,542.3,76.3
45886500,-0.38,10.23,130.4,45.46,526.4,542.3,76.1
45888000,-0.38,10.18,130.0,46.10,529.4,545.2,76.2
45889500,-0.38,10.24,129.1,45.96,526.9,542.5,76.2
45891000,-0.38,10.26,129.4,45.66,525.6,541.3,76.2
45892500,-0.38,10.23,129.8,45.78,527.1,542.8,76.2
45894000,-0.37,10.23,128.0,46.44,527.7,543.0,76.4
45895500,-0.38,10.19,131.2,45.56,528.6,544.6,76.1
45897000,-0.38,10.22,129.4,46.00,527.8,543.4,76.2
45898500,-0.38,10.18,131.6,45.52,529.0,545.2,76.0
45900000,-0.38,10.20,130.1,45.90,528.5,544.3,76.2
45901500,-0.38,10.15,131.4,45.82,530.5,546.6,76.1
45903000,-0.38,10.20,130.8,45.63,528.2,544.2,76.1
45904500,-0.38,10.22,130.0,45.72,527.1,542.9,76.1
45906000,-0.37,10.13,130.3,46.46,532.4,548.1,76.2
45907500,-0.38,10.14,131.1,46.09,531.6,547.6,76.1
45909000,-0.37,10.18,128.9,46.62,530.5,546.0,76.3
45910500,-0.38,10.14,130.4,46.33,531.7,547.5,76.2
45912000,-0.38,10.13,131.5,46.02,531.8,547.8,76.1
45913500,-0.37,10.14,130.2,46.47,532.1,547.8,76.3
45915000,-0.37,10.16,129.7,46.48,531.3,546.9,76.3
45916500,-0.38,10.11,132.4,45.81,532.4,548.6,76.0
45918000,-0.38,10.18,130.0,46.11,529.7,545.4,76.2
45919500,-0.37,10.11,130.6,46.55,533.5,549.2,76.2
45921000,-0.37,10.17,129.2,46.57,530.8,546.3,76.3
45922500,-0.38,10.10,132.5,45.90,533.2,549.4,76.0
45924000,-0.38,10.12,131.9,45.92,532.1,548.2,76.1
45925500,-0.38,10.15,131.3,45.88,530.7,546.7,76.1
45927000,-0.38,10.12,131.1,46.27,532.6,548.5,76.2
45928500,-0.37,10.05,132.5,46.42,536.3,552.4,76.1
45930000,-0.38,10.07,133.0,46.01,534.7,550.9,76.0
45931500,-0.38,10.10,131.6,46.23,533.4,549.4,76.1
45933000,-0.38,10.08,133.4,45.73,533.8,550.2,76.0
45934500,-0.38,10.09,133.1,45.75,533.2,549.6,76.0
45936000,-0.37,10.08,130.6,46.86,535.2,550.9,76.3
45937500,-0.37,10.10,129.0,47.32,535.0,550.3,76.4
45939000,-0.38,10.06,134.7,45.50,534.6,551.3,75.9
45940500,-0.37,10.05,131.2,46.86,536.5,552.4,76.3
45942000,-0.38,10.04,135.0,45.57,535.7,552.5,75.9
45943500,-0.37,10.03,133.0,46.44,537.3,553.5,76.1
45945000,-0.38,10.05,133.7,45.96,535.7,552.1,76.0
45946500,-0.37,10.05,131.9,46.67,536.6,552.6,76.2
45948000,-0.38,10.08,132.4,46.14,534.4,550.6,76.1
45949500,-0.37,10.01,132.1,46.91,538.5,554.5,76.2
45951000,-0.38,9.99,134.4,46.26,538.9,555.4,76.0
45952500,-0.37,10.03,131.6,46.89,537.6,553.4,76.2
45954000,-0.38,10.00,134.4,46.12,538.1,554.7,76.0
45955500,-0.37,10.03,132.9,46.45,537.3,553.5,76.1
45957000,-0.38,10.01,133.8,46.27,537.8,554.2,76.0
45958500,-0.37,10.02,132.1,46.87,538.3,554.2,76.2
45960000,-0.37,10.06,131.2,46.83,536.4,552.2,76.3
45961500,-0.37,9.99,133.0,46.77,539.5,555.6,76.1
45963000,-0.37,9.99,134.1,46.36,538.9,555.3,76.0
45964500,-0.37,9.99,133.6,46.53,539.0,555.4,76.1
45966000,-0.37,9.96,134.2,46.64,540.9,557.3,76.1
45967500,-0.38,9.99,134.3,46.25,538.7,555.2,76.0
45969000,-0.37,10.01,132.6,46.81,538.8,554.9,76.2
45970500,-0.38,10.02,133.8,46.19,537.3,553.7,76.0
45972000,-0.38,9.96,135.1,46.30,540.5,557.2,76.0
45973500,-0.37,9.99,132.5,46.98,539.7,555.7,76.2
45975000,-0.37,9.98,133.5,46.75,540.2,556.5,76.1
45976500,-0.37,9.92,134.2,47.01,543.1,559.4,76.1
45978000,-0.37,9.95,133.1,47.15,542.0,558.1,76.2
45979500,-0.37,9.96,132.3,47.38,541.9,557.8,76.3
45981000,-0.37,9.97,132.4,47.22,541.0,556.9,76.3
45982500,-0.37,9.97,133.7,46.70,540.3,556.6,76.1
45984000,-0.37,9.93,135.3,46.48,542.0,558.6,76.0
45985500,-0.37,9.92,133.7,47.25,543.7,559.9,76.2
45987000,-0.37,9.93,135.0,46.66,542.5,559.0,76.0
45988500,-0.38,9.91,136.3,46.25,542.5,559.4,75.9
45990000,-0.37,9.90,134.9,46.98,544.3,560.8,76.1
45991500,-0.37,9.92,134.7,46.81,543.0,559.4,76.1
45993000,-0.37,9.93,133.7,47.10,542.7,559.0,76.2
45994500,-0.37,9.92,134.8,46.82,543.1,559.5,76.1
45996000,-0.37,9.89,134.7,47.15,545.1,561.5,76.1
45997500,-0.37,9.90,134.3,47.17,544.3,560.6,76.1
45999000,-0.37,9.86,136.3,46.77,545.7,562.5,76.0
46000500,-0.37,9.88,135.3,47.01,545.3,561.8,76.1
46002000,-0.37,9.85,135.8,47.12,546.9,563.5,76.1
46003500,-0.37,9.83,137.5,46.67,547.3,564.3,75.9
46005000,-0.37,9.86,137.4,46.40,545.4,562.4,75.9
46006500,-0.38,9.87,137.4,46.28,544.7,561.7,75.8
46008000,-0.37,9.82,137.0,46.96,548.2,565.1,76.0
46009500,-0.37,9.84,137.4,46.59,546.7,563.7,75.9
46011000,-0.37,9.83,137.0,46.87,547.7,564.5,76.0
46012500,-0.37,9.83,136.2,47.11,547.7,564.4,76.0
46014000,-0.36,9.82,135.0,47.71,549.1,565.5,76.2
46015500,-0.37,9.84,136.3,46.96,546.9,563.6,76.0
46017000,-0.37,9.82,136.5,47.16,548.5,565.2,76.0
46018500,-0.36,9.82,135.1,47.71,549.3,565.7,76.2
46020000,-0.37,9.84,137.2,46.63,546.6,563.5,75.9
46021500,-0.37,9.81,136.3,47.29,548.9,565.6,76.1
46023000,-0.37,9.79,138.6,46.65,549.2,566.4,75.8
46024500,-0.37,9.84,135.3,47.38,547.7,564.2,76.1
46026000,-0.37,9.82,138.0,46.53,547.5,564.6,75.8
46027500,-0.37,9.82,136.8,47.00,548.1,564.9,76.0
46029000,-0.37,9.81,136.8,47.11,548.8,565.6,76.0
46030500,-0.37,9.77,137.8,47.11,550.7,567.7,76.0
46032000,-0.37,9.79,136.9,47.31,550.2,567.0,76.0
46033500,-0.37,9.77,137.4,47.29,551.1,568.0,76.0
46035000,-0.37,9.75,137.6,47.42,552.3,569.2,76.0
46036500,-0.37,9.77,136.9,47.50,551.3,568.0,76.1
46038000,-0.37,9.77,138.3,46.95,550.6,567.8,75.9
46039500,-0.37,9.76,139.2,46.68,550.7,568.0,75.8
46041000,-0.36,9.74,135.8,48.22,553.7,570.1,76.2
46042500,-0.37,9.72,138.8,47.24,553.3,570.4,75.9
46044000,-0.37,9.75,137.3,47.53,552.3,569.1,76.0
46045500,-0.37,9.75,137.8,47.36,552.3,569.2,76.0
46047000,-0.37,9.74,138.7,47.09,552.3,569.5,75.9
46048500,-0.37,9.79,138.5,46.67,549.3,566.5,75.8
46050000,-0.37,9.74,137.7,47.54,553.1,569.9,76.0
46051500,-0.37,9.72,138.7,47.24,553.3,570.4,75.9
46053000,-0.37,9.75,139.8,46.62,551.3,568.7,75.8
46054500,-0.37,9.73,138.1,47.45,553.5,570.4,76.0
46056000,-0.36,9.67,138.6,47.87,556.8,573.8,76.0
46057500,-0.37,9.67,139.3,47.58,556.4,573.6,75.9
46059000,-0.37,9.70,139.8,47.11,554.4,571.7,75.9
46060500,-0.37,9.67,140.0,47.29,555.9,573.3,75.9
46062000,-0.37,9.71,139.0,47.34,554.4,571.5,75.9
46063500,-0.37,9.73,138.2,47.44,553.5,570.4,76.0
46065000,-0.37,9.67,141.6,46.71,555.2,572.9,75.7
46066500,-0.37,9.65,140.8,47.28,557.3,574.8,75.8
46068000,-0.37,9.69,141.7,46.50,554.1,571.9,75.7
46069500,-0.37,9.68,140.8,46.94,555.2,572.8,75.8
46071000,-0.37,9.67,139.6,47.47,556.4,573.6,75.9
46072500,-0.36,9.69,138.4,47.69,555.4,572.4,76.0
46074000,-0.37,9.65,140.8,47.22,557.0,574.5,75.8
46075500,-0.36,9.63,138.7,48.28,559.6,576.5,76.1
46077000,-0.37,9.60,143.1,46.89,559.1,577.1,75.6
46078500,-0.37,9.64,140.8,47.29,557.4,574.9,75.8
46080000,-0.37,9.58,142.2,47.44,561.1,578.8,75.8
46081500,-0.37,9.65,140.1,47.48,557.3,574.7,75.9
46083000,-0.37,9.61,142.1,47.20,559.2,577.0,75.7
46084500,-0.36,9.60,139.9,48.04,560.5,577.7,76.0
46086000,-0.36,9.61,140.5,47.80,560.0,577.4,75.9
46087500,-0.36,9.59,140.2,48.06,561.1,578.4,76.0
46089000,-0.36,9.59,138.6,48.67,561.9,578.7,76.1
46090500,-0.37,9.61,141.3,47.48,559.5,577.0,75.8
46092000,-0.37,9.58,141.7,47.58,560.9,578.5,75.8
46093500,-0.37,9.58,141.8,47.60,561.3,578.9,75.8
46095000,-0.36,9.57,139.8,48.40,562.5,579.6,76.0
46096500,-0.36,9.56,141.3,48.00,562.8,580.3,75.9
46098000,-0.36,9.55,142.4,47.64,562.7,580.4,75.8
46099500,-0.36,9.58,141.1,47.85,561.5,579.0,75.9
46101000,-0.36,9.60,140.1,48.08,561.0,578.2,76.0
46102500,-0.36,9.55,141.4,48.02,563.1,580.5,75.9
46104000,-0.36,9.58,138.4,48.84,562.6,579.4,76.2
46105500,-0.36,9.56,142.4,47.60,562.3,580.1,75.8
46107000,-0.37,9.52,144.2,47.33,563.9,582.1,75.7
46108500,-0.37,9.56,142.9,47.38,561.9,579.7,75.7
46110000,-0.36,9.52,141.1,48.45,565.3,582.6,76.0
46111500,-0.36,9.54,141.0,48.34,564.4,581.8,76.0
46113000,-0.36,9.54,141.2,48.19,563.9,581.3,75.9
46114500,-0.36,9.46,144.0,48.01,567.9,585.8,75.8
46116000,-0.36,9.54,142.1,47.87,563.4,581.1,75.8
46117500,-0.37,9.53,144.3,47.16,563.1,581.3,75.6
46119000,-0.36,9.54,141.4,48.11,563.7,581.2,75.9
46120500,-0.36,9.45,145.0,47.76,568.2,586.4,75.7
46122000,-0.36,9.52,141.5,48.36,565.4,582.9,76.0
46123500,-0.36,9.48,143.0,48.25,567.5,585.2,75.9
46125000,-0.36,9.49,142.6,48.28,567.0,584.7,75.9
46126500,-0.37,9.47,146.1,47.17,566.5,585.1,75.5
46128000,-0.36,9.49,142.6,48.26,566.9,584.6,75.9
46129500,-0.36,9.47,143.9,47.99,567.7,585.7,75.8
46131000,-0.36,9.49,143.6,47.87,566.3,584.2,75.8
46132500,-0.36,9.47,142.9,48.37,568.2,585.9,75.9
46134000,-0.35,9.46,140.7,49.32,569.9,587.0,76.1
46135500,-0.36,9.48,141.2,48.87,568.1,585.4,76.0
46137000,-0.36,9.44,145.0,47.88,569.0,587.1,75.7
46138500,-0.36,9.51,141.9,48.30,565.9,583.4,75.9
46140000,-0.35,9.48,140.3,49.22,568.5,585.5,76.1
46141500,-0.36,9.42,144.6,48.28,570.8,588.8,75.8
46143000,-0.36,9.44,143.4,48.42,569.4,587.2,75.9
46144500,-0.36,9.41,145.9,47.80,570.2,588.5,75.6
46146000,-0.35,9.41,143.1,48.94,572.1,589.7,76.0
46147500,-0.36,9.43,144.2,48.26,569.8,587.8,75.8
46149000,-0.36,9.43,144.3,48.26,570.1,588.1,75.8
46150500,-0.36,9.41,146.5,47.67,570.4,589.0,75.6
46152000,-0.36,9.39,147.0,47.61,571.0,589.6,75.6
46153500,-0.36,9.43,143.9,48.40,570.2,588.1,75.8
46155000,-0.36,9.43,144.9,48.05,569.9,588.0,75.7
46156500,-0.36,9.39,144.3,48.63,572.5,590.4,75.9
46158000,-0.36,9.38,145.5,48.29,572.6,590.8,75.7
46159500,-0.36,9.39,146.1,47.95,571.5,589.8,75.7
46161000,-0.36,9.37,144.5,48.82,574.0,591.9,75.9
46162500,-0.36,9.38,146.3,48.06,572.5,590.9,75.7
46164000,-0.36,9.36,145.6,48.56,574.4,592.5,75.8
46165500,-0.36,9.39,144.9,48.40,572.1,590.2,75.8
46167000,-0.36,9.38,144.7,48.67,573.5,591.4,75.8
46168500,-0.36,9.37,146.5,48.02,572.6,591.0,75.7
46170000,-0.36,9.32,146.2,48.71,576.5,594.8,75.8
46171500,-0.36,9.36,147.6,47.79,573.2,591.9,75.6
46173000,-0.36,9.35,144.9,48.92,575.4,593.4,75.9
46174500,-0.36,9.32,147.8,48.08,575.4,594.1,75.6
46176000,-0.36,9.32,145.9,48.83,576.8,594.9,75.8
46177500,-0.36,9.33,148.0,47.96,575.0,593.8,75.6
46179000,-0.35,9.34,144.3,49.20,576.0,593.8,75.9
46180500,-0.36,9.36,145.5,48.57,574.2,592.4,75.8
46182000,-0.36,9.30,146.9,48.71,577.8,596.2,75.7
46183500,-0.35,9.31,145.4,49.09,577.4,595.5,75.9
46185000,-0.36,9.27,148.2,48.57,579.3,598.0,75.6
46186500,-0.35,9.32,143.1,49.89,578.1,595.6,76.1
46188000,-0.36,9.30,146.9,48.63,577.3,595.7,75.7
46189500,-0.36,9.31,146.9,48.59,577.0,595.4,75.7
46191000,-0.35,9.31,143.9,49.76,578.6,596.3,76.0
46192500,-0.35,9.29,145.5,49.31,579.0,597.0,75.9
46194000,-0.35,9.29,146.0,49.20,579.1,597.2,75.9
46195500,-0.35,9.27,145.7,49.51,580.6,598.6,75.9
46197000,-0.35,9.26,146.8,49.15,580.4,598.7,75.8
46198500,-0.36,9.24,148.7,48.72,581.2,600.0,75.6
46200000,-0.35,9.23,147.4,49.30,582.5,600.8,75.8
46201500,-0.35,9.26,146.7,49.16,580.3,598.5,75.8
46203000,-0.35,9.26,146.2,49.34,580.5,598.7,75.9
46204500,-0.36,9.25,148.8,48.51,580.0,598.8,75.6
46206000,-0.35,9.24,147.8,49.05,581.6,600.1,75.7
46207500,-0.35,9.23,144.6,50.34,583.8,601.4,76.1
46209000,-0.36,9.27,147.5,48.81,579.6,598.1,75.7
46210500,-0.35,9.20,147.6,49.54,584.4,602.8,75.8
46212000,-0.35,9.19,149.1,49.15,584.7,603.4,75.7
46213500,-0.35,9.24,145.3,49.96,582.7,600.5,76.0
46215000,-0.35,9.20,147.3,49.68,584.7,603.0,75.9
46216500,-0.35,9.19,147.7,49.60,585.0,603.3,75.8
46218000,-0.36,9.19,150.5,48.60,583.6,602.7,75.5
46219500,-0.35,9.18,149.7,49.05,585.1,603.9,75.7
46221000,-0.35,9.21,147.0,49.68,584.2,602.4,75.9
46222500,-0.35,9.20,147.3,49.61,584.3,602.5,75.8
46224000,-0.35,9.20,148.5,49.19,583.9,602.5,75.7
46225500,-0.35,9.20,148.7,49.15,584.0,602.7,75.7
46227000,-0.35,9.18,148.3,49.51,585.4,603.9,75.8
46228500,-0.36,9.18,150.3,48.78,584.5,603.5,75.6
46230000,-0.35,9.10,151.5,49.26,589.8,608.9,75.6
46231500,-0.35,9.13,150.4,49.31,588.0,606.9,75.7
46233000,-0.35,9.09,149.7,50.04,591.4,610.1,75.8
46234500,-0.35,9.16,149.7,49.27,586.5,605.3,75.7
46236000,-0.35,9.14,150.2,49.31,587.7,606.6,75.7
46237500,-0.36,9.15,152.0,48.49,585.8,605.2,75.5
46239000,-0.35,9.15,148.4,49.84,587.6,606.1,75.8
46240500,-0.35,9.15,148.5,49.78,587.5,606.0,75.8
46242000,-0.35,9.10,150.5,49.58,589.9,608.8,75.7
46243500,-0.35,9.14,150.2,49.21,587.2,606.1,75.6
46245000,-0.35,9.09,149.7,50.04,591.4,610.1,75.8
46246500,-0.35,9.08,151.5,49.48,591.1,610.2,75.6
46248000,-0.35,9.09,149.9,49.96,591.2,609.9,75.8
46249500,-0.35,9.11,149.9,49.75,590.0,608.8,75.7
46251000,-0.35,9.11,148.9,50.08,590.3,608.8,75.8
46252500,-0.35,9.07,151.5,49.57,591.8,610.9,75.6
46254000,-0.35,9.10,152.3,48.96,589.3,608.7,75.5
46255500,-0.35,9.10,149.9,49.83,590.5,609.3,75.8
46257000,-0.35,9.09,150.7,49.60,590.6,609.5,75.7
46258500,-0.35,9.08,149.7,50.13,592.0,610.6,75.8
46260000,-0.34,9.02,149.6,50.85,596.4,614.9,75.9
46261500,-0.35,9.03,152.0,49.89,594.7,613.8,75.7
46263000,-0.35,9.09,150.8,49.68,591.1,610.0,75.7
46264500,-0.35,9.04,151.5,49.88,593.8,612.8,75.7
46266000,-0.34,9.07,148.5,50.72,593.5,611.8,76.0
46267500,-0.35,9.04,150.6,50.24,594.4,613.2,75.8
46269000,-0.35,9.00,154.0,49.44,595.5,615.1,75.5
46270500,-0.36,9.02,156.1,48.47,593.0,613.2,75.2
46272000,-0.35,9.06,151.2,49.85,593.0,612.0,75.7
46273500,-0.35,9.00,152.0,50.24,596.9,616.0,75.7
46275000,-0.35,9.03,151.9,49.93,594.8,613.9,75.7
46276500,-0.35,9.04,152.7,49.47,593.4,612.7,75.6
46278000,-0.35,9.00,153.5,49.63,595.8,615.3,75.6
46279500,-0.35,9.01,151.8,50.22,596.4,615.4,75.7
46281000,-0.35,8.97,155.4,49.26,597.0,616.9,75.4
46282500,-0.35,8.94,154.5,49.95,599.7,619.3,75.6
46284000,-0.35,8.97,154.4,49.64,597.6,617.2,75.5
46285500,-0.35,8.94,154.4,50.04,600.1,619.6,75.6
46287000,-0.35,8.96,154.6,49.69,598.2,617.9,75.5
46288500,-0.35,8.94,154.7,49.95,600.1,619.7,75.5
46290000,-0.35,8.97,154.5,49.65,597.7,617.4,75.5
46291500,-0.35,9.00,152.5,50.05,596.8,616.0,75.7
46293000,-0.35,8.96,153.5,50.13,599.0,618.4,75.6
46294500,-0.35,8.94,153.8,50.25,600.3,619.7,75.6
46296000,-0.35,8.90,156.1,49.88,602.1,622.0,75.5
46297500,-0.35,8.95,155.4,49.56,598.8,618.6,75.5
46299000,-0.35,8.96,153.6,50.10,599.1,618.5,75.6
46300500,-0.35,8.91,155.1,50.09,601.8,621.4,75.5
46302000,-0.35,8.95,153.8,50.11,599.4,618.9,75.6
46303500,-0.34,8.93,152.5,50.86,601.9,620.9,75.8
46305000,-0.35,8.90,156.0,49.93,602.4,622.3,75.5
46306500,-0.34,8.93,152.4,50.86,601.7,620.7,75.8
46308000,-0.34,8.89,155.2,50.39,603.8,623.4,75.6
46309500,-0.34,8.92,154.0,50.42,601.8,621.1,75.6
46311000,-0.35,8.91,155.1,50.15,602.1,621.7,75.6
46312500,-0.34,8.88,154.5,50.72,604.6,624.0,75.7
46314000,-0.34,8.86,154.4,51.05,606.6,625.9,75.7
46315500,-0.35,8.91,156.8,49.56,601.3,621.4,75.4
46317000,-0.34,8.88,155.2,50.42,604.1,623.7,75.6
46318500,-0.34,8.90,152.7,51.12,603.9,622.9,75.8
46320000,-0.34,8.88,155.1,50.54,604.5,624.1,75.6
46321500,-0.34,8.87,155.6,50.39,604.6,624.3,75.6
46323000,-0.34,8.85,155.0,50.96,607.1,626.6,75.7
46324500,-0.35,8.88,156.8,49.85,603.2,623.2,75.4
46326000,-0.35,8.82,158.5,50.03,607.5,627.9,75.4
46327500,-0.34,8.87,154.7,50.82,605.7,625.1,75.7
46329000,-0.34,8.84,155.1,50.94,607.2,626.7,75.7
46330500,-0.34,8.85,155.8,50.64,606.6,626.3,75.6
46332000,-0.34,8.78,157.6,50.83,611.0,631.0,75.5
46333500,-0.34,8.79,157.2,50.87,610.6,630.5,75.6
46335000,-0.34,8.81,155.8,51.13,609.8,629.4,75.7
46336500,-0.35,8.79,158.4,50.34,609.4,629.6,75.4
46338000,-0.34,8.79,157.8,50.66,610.2,630.3,75.5
46339500,-0.34,8.79,155.5,51.53,611.6,631.1,75.7
46341000,-0.34,8.81,157.8,50.40,608.7,628.9,75.5
46342500,-0.35,8.78,162.1,49.17,608.3,629.5,75.1
46344000,-0.34,8.79,157.4,50.81,610.5,630.4,75.5
46345500,-0.34,8.75,156.6,51.54,613.7,633.4,75.7
46347000,-0.34,8.75,159.1,50.67,612.7,633.0,75.4
46348500,-0.34,8.77,158.4,50.66,611.5,631.6,75.5
46350000,-0.34,8.73,159.7,50.66,613.8,634.3,75.4
46351500,-0.34,8.75,156.9,51.50,614.0,633.7,75.7
46353000,-0.34,8.72,159.5,50.89,614.9,635.2,75.5
46354500,-0.34,8.75,157.6,51.21,613.5,633.4,75.6
46356000,-0.34,8.78,155.5,51.62,612.3,631.7,75.7
46357500,-0.34,8.73,158.6,51.09,614.5,634.6,75.5
46359000,-0.35,8.71,161.4,50.35,614.7,635.6,75.3
46360500,-0.34,8.77,157.8,50.86,611.6,631.6,75.5
46362000,-0.35,8.72,162.6,49.75,613.0,634.3,75.1
46363500,-0.34,8.73,159.4,50.79,614.0,634.4,75.4
46365000,-0.34,8.76,158.0,50.92,612.3,632.3,75.5
46366500,-0.34,8.71,157.8,51.58,616.1,636.0,75.6
46368000,-0.34,8.69,160.3,50.96,616.8,637.3,75.4
46369500,-0.34,8.70,160.1,50.93,616.2,636.6,75.4
46371000,-0.34,8.71,160.0,50.77,614.9,635.4,75.4
46372500,-0.34,8.68,161.8,50.47,616.3,637.2,75.3
46374000,-0.34,8.70,159.0,51.32,616.8,637.0,75.5
46375500,-0.34,8.68,158.3,51.82,618.7,638.6,75.6
46377000,-0.34,8.72,158.0,51.40,615.4,635.4,75.6
46378500,-0.34,8.67,161.1,50.87,617.7,638.4,75.4
46380000,-0.34,8.69,158.9,51.43,617.3,637.4,75.6
46381500,-0.34,8.65,162.0,50.85,619.1,639.9,75.3
46383000,-0.34,8.65,160.0,51.49,619.7,640.0,75.5
46384500,-0.34,8.65,160.2,51.44,619.7,640.1,75.5
46386000,-0.34,8.65,163.1,50.46,618.5,639.7,75.2
46387500,-0.34,8.66,161.6,50.84,618.3,639.1,75.4
46389000,-0.34,8.66,159.7,51.53,619.4,639.7,75.5
46390500,-0.34,8.66,160.4,51.34,619.3,639.8,75.5
46392000,-0.34,8.62,161.1,51.54,621.9,642.4,75.5
46393500,-0.34,8.59,163.5,51.11,623.4,644.5,75.3
46395000,-0.34,8.62,162.6,51.00,621.2,642.1,75.3
46396500,-0.33,8.60,160.8,51.93,623.9,644.3,75.5
46398000,-0.33,8.57,161.4,52.03,625.6,646.1,75.5
46399500,-0.33,8.61,159.5,52.24,623.6,643.7,75.7
46401000,-0.34,8.62,160.7,51.73,622.5,642.9,75.5
46402500,-0.34,8.57,162.6,51.57,624.9,645.8,75.4
46404000,-0.34,8.63,160.1,51.83,622.0,642.3,75.6
46405500,-0.34,8.61,161.8,51.46,622.8,643.5,75.4
46407000,-0.33,8.54,162.2,52.10,627.6,648.3,75.5
46408500,-0.34,8.54,163.6,51.59,626.9,647.9,75.4
46410000,-0.34,8.53,163.7,51.74,628.0,649.0,75.4
46411500,-0.34,8.55,164.9,51.04,625.6,646.9,75.2
46413000,-0.34,8.55,163.6,51.54,626.5,647.5,75.4
46414500,-0.33,8.53,161.1,52.70,629.4,649.7,75.6
46416000,-0.34,8.56,163.8,51.33,625.6,646.7,75.3
46417500,-0.34,8.54,163.2,51.85,627.7,648.6,75.4
46419000,-0.33,8.55,161.1,52.38,627.4,647.8,75.6
46420500,-0.34,8.52,165.2,51.39,628.3,649.7,75.3
46422000,-0.34,8.55,164.1,51.34,626.2,647.3,75.3
46423500,-0.34,8.51,164.9,51.51,628.7,650.0,75.3
46425000,-0.34,8.50,165.8,51.32,629.0,650.5,75.2
46426500,-0.34,8.52,164.7,51.55,628.6,649.8,75.3
46428000,-0.33,8.52,163.5,51.99,629.3,650.2,75.4
46429500,-0.34,8.51,164.6,51.73,629.6,650.8,75.3
46431000,-0.34,8.54,165.2,51.09,626.3,647.7,75.2
46432500,-0.33,8.50,163.9,52.07,630.4,651.4,75.4
46434000,-0.34,8.55,163.7,51.54,626.7,647.7,75.4
46435500,-0.34,8.50,165.2,51.64,630.0,651.3,75.3
46437000,-0.34,8.48,165.3,51.81,631.3,652.6,75.3
46438500,-0.33,8.48,164.5,52.05,631.5,652.6,75.4
46440000,-0.34,8.46,166.7,51.60,632.4,654.0,75.2
46441500,-0.33,8.49,162.3,52.75,631.9,652.4,75.6
46443000,-0.34,8.44,167.2,51.65,633.6,655.2,75.2
46444500,-0.33,8.46,163.2,52.88,634.5,655.2,75.6
46446000,-0.33,8.45,163.4,52.91,635.0,655.6,75.6
46447500,-0.34,8.44,168.4,51.30,633.4,655.4,75.1
46449000,-0.33,8.43,165.0,52.52,635.4,656.5,75.4
46450500,-0.33,8.42,165.8,52.47,636.5,657.7,75.4
46452000,-0.33,8.45,163.9,52.68,634.4,655.3,75.5
46453500,-0.33,8.41,167.1,52.03,636.1,657.7,75.3
46455000,-0.34,8.43,168.1,51.41,633.7,655.6,75.1
46456500,-0.33,8.42,166.0,52.36,636.1,657.4,75.4
46458000,-0.33,8.40,166.3,52.52,637.7,659.1,75.4
46459500,-0.34,8.45,166.7,51.66,632.8,654.4,75.2
46461000,-0.33,8.38,167.6,52.34,639.0,660.6,75.3
46462500,-0.33,8.39,166.1,52.74,638.8,660.0,75.4
46464000,-0.33,8.39,168.0,52.03,637.6,659.4,75.2
46465500,-0.33,8.38,168.1,52.18,638.6,660.4,75.3
46467000,-0.33,8.40,166.0,52.68,638.2,659.4,75.4
46468500,-0.33,8.38,165.6,53.08,640.1,661.1,75.5
46470000,-0.33,8.39,166.2,52.73,638.9,660.2,75.4
46471500,-0.34,8.34,171.9,51.31,639.6,662.3,75.0
46473000,-0.33,8.38,167.2,52.47,639.1,660.6,75.3
46474500,-0.33,8.34,168.7,52.48,641.7,663.5,75.3
46476000,-0.33,8.32,169.3,52.58,643.5,665.4,75.3
46477500,-0.33,8.34,168.4,52.60,642.1,663.8,75.3
46479000,-0.33,8.33,169.7,52.19,641.7,663.7,75.2
46480500,-0.33,8.35,169.7,52.02,640.5,662.6,75.2
46482000,-0.33,8.37,168.2,52.20,639.1,660.9,75.3
46483500,-0.33,8.32,170.4,52.19,642.8,665.0,75.2
46485000,-0.33,8.32,168.4,52.84,643.5,665.2,75.3
46486500,-0.33,8.32,171.3,51.90,642.4,664.9,75.1
46488000,-0.34,8.32,171.6,51.78,642.2,664.7,75.0
46489500,-0.33,8.32,168.3,52.91,643.9,665.5,75.4
46491000,-0.33,8.30,170.4,52.43,644.5,666.6,75.2
46492500,-0.33,8.33,169.8,52.26,642.2,664.3,75.2
46494000,-0.33,8.33,168.0,52.85,642.8,664.4,75.4
46495500,-0.33,8.30,170.0,52.53,644.3,666.4,75.2
46497000,-0.33,8.32,169.7,52.38,642.9,664.9,75.2
46498500,-0.33,8.28,169.8,52.90,646.5,668.4,75.3
46500000,-0.33,8.26,171.2,52.66,647.4,669.6,75.2
46501500,-0.33,8.30,169.4,52.72,644.5,666.4,75.3
46503000,-0.33,8.28,170.0,52.87,646.6,668.6,75.3
46504500,-0.33,8.31,169.9,52.42,643.5,665.6,75.2
46506000,-0.33,8.21,174.1,52.39,650.6,673.5,75.0
46507500,-0.33,8.27,170.4,52.84,647.3,669.3,75.2
46509000,-0.33,8.26,172.3,52.32,647.1,669.6,75.1
46510500,-0.33,8.24,171.4,52.83,648.8,671.1,75.2
46512000,-0.33,8.27,170.7,52.65,646.5,668.7,75.2
46513500,-0.33,8.21,173.3,52.61,650.9,673.5,75.1
46515000,-0.33,8.21,172.8,52.77,651.0,673.6,75.1
46516500,-0.34,8.24,174.5,51.78,647.2,670.3,74.9
46518000,-0.33,8.22,172.0,52.89,650.3,672.6,75.2
46519500,-0.33,8.24,170.1,53.27,649.5,671.4,75.3
46521000,-0.32,8.18,171.6,53.70,654.9,677.0,75.3
46522500,-0.32,8.19,170.8,53.78,654.0,675.9,75.4
46524000,-0.32,8.18,171.7,53.56,654.2,676.3,75.3
46525500,-0.33,8.19,171.8,53.40,653.3,675.6,75.3
46527000,-0.32,8.13,173.1,53.75,657.9,680.3,75.3
46528500,-0.32,8.16,170.9,54.18,656.8,678.7,75.4
46530000,-0.32,8.18,171.8,53.62,654.7,676.9,75.3
46531500,-0.33,8.16,173.1,53.42,655.7,678.2,75.2
46533000,-0.32,8.17,171.4,53.92,656.0,678.0,75.4
46534500,-0.33,8.16,173.1,53.44,655.9,678.4,75.2
46536000,-0.33,8.18,173.8,52.91,653.5,676.2,75.1
46537500,-0.33,8.13,175.0,53.11,657.1,680.1,75.1
46539000,-0.33,8.15,175.3,52.76,655.2,678.3,75.0
46540500,-0.33,8.14,175.9,52.68,655.8,678.9,75.0
46542000,-0.32,8.15,173.4,53.46,656.6,679.1,75.2
46543500,-0.32,8.10,173.6,53.99,660.4,682.9,75.3
46545000,-0.32,8.13,172.9,53.89,658.5,680.8,75.3
46546500,-0.32,8.13,174.1,53.47,657.8,680.5,75.2
46548000,-0.33,8.13,174.7,53.20,657.1,679.9,75.1
46549500,-0.32,8.07,172.9,54.71,663.9,686.0,75.4
46551000,-0.32,8.14,172.8,53.73,657.3,679.7,75.3
46552500,-0.32,8.14,172.7,53.87,658.0,680.3,75.3
46554000,-0.33,8.12,174.9,53.37,658.6,681.5,75.1
46555500,-0.32,8.11,172.1,54.48,660.8,682.9,75.4
46557000,-0.32,8.05,175.8,54.02,664.5,687.4,75.2
46558500,-0.32,8.08,174.3,54.13,662.6,685.1,75.3
46560000,-0.32,8.07,174.3,54.16,662.8,685.4,75.3
46561500,-0.33,8.07,176.8,53.36,661.9,685.1,75.0
46563000,-0.33,8.09,177.2,52.98,660.1,683.4,75.0
46564500,-0.32,8.09,174.4,53.87,661.1,683.8,75.2
46566000,-0.32,8.03,176.2,54.12,665.9,688.8,75.2
46567500,-0.33,8.07,176.9,53.34,662.0,685.2,75.0
46569000,-0.33,8.05,179.3,52.83,662.7,686.5,74.9
46570500,-0.32,8.03,175.9,54.25,666.2,689.0,75.2
46572000,-0.32,8.04,174.1,54.77,666.4,688.8,75.4
46573500,-0.32,8.05,176.0,53.97,664.6,687.5,75.2
46575000,-0.33,8.05,178.8,53.00,663.0,686.7,74.9
46576500,-0.32,8.02,178.2,53.66,666.3,689.7,75.0
46578000,-0.32,8.07,174.8,54.10,663.2,685.9,75.2
46579500,-0.33,8.01,180.2,52.97,665.2,689.2,74.8
46581000,-0.32,8.01,177.6,53.95,667.3,690.5,75.1
46582500,-0.32,8.02,177.4,53.83,666.1,689.3,75.1
46584000,-0.33,8.02,178.9,53.41,665.8,689.4,75.0
46585500,-0.32,7.98,176.9,54.66,670.7,693.7,75.2
46587000,-0.33,8.00,180.2,53.16,666.4,690.4,74.9
46588500,-0.32,8.01,175.9,54.58,668.4,691.2,75.3
46590000,-0.33,7.97,181.9,52.98,668.1,692.4,74.8
46591500,-0.32,8.01,178.5,53.56,666.3,689.8,75.0
46593000,-0.32,7.98,179.3,53.84,669.4,693.0,75.0
46594500,-0.33,8.00,179.8,53.35,667.0,690.8,74.9
46596000,-0.32,8.01,177.7,53.96,667.5,690.7,75.1
46597500,-0.33,8.00,180.0,53.32,667.1,691.0,74.9
46599000,-0.32,7.93,178.7,54.72,674.2,697.5,75.2
46600500,-0.32,7.95,179.7,54.07,671.7,695.4,75.0
46602000,-0.32,7.95,178.4,54.60,672.9,696.1,75.2
46603500,-0.32,7.95,181.1,53.64,671.2,695.2,74.9
46605000,-0.32,7.95,177.8,54.79,673.1,696.2,75.2
46606500,-0.32,7.93,181.1,53.86,672.7,696.7,74.9
46608000,-0.32,7.96,179.7,53.94,670.8,694.4,75.0
46609500,-0.32,7.95,181.2,53.56,670.9,694.9,74.9
46611000,-0.32,7.91,181.8,54.00,674.9,698.9,74.9
46612500,-0.32,7.95,179.2,54.20,671.7,695.2,75.1
46614000,-0.33,7.95,181.9,53.29,670.3,694.6,74.8
46615500,-0.32,7.91,182.2,53.83,674.5,698.7,74.9
46617000,-0.32,7.94,179.4,54.32,672.9,696.4,75.1
46618500,-0.32,7.90,180.0,54.67,676.2,699.7,75.1
46620000,-0.32,7.94,178.1,54.78,673.6,696.8,75.2
46621500,-0.32,7.91,182.2,53.78,674.1,698.3,74.9
46623000,-0.32,7.87,182.0,54.49,678.4,702.4,75.0
46624500,-0.32,7.89,183.3,53.73,675.7,700.1,74.8
46626000,-0.32,7.88,181.0,54.71,678.3,702.1,75.1
46627500,-0.32,7.87,184.5,53.65,677.1,701.8,74.8
46629000,-0.32,7.88,183.0,54.01,677.0,701.3,74.9
46630500,-0.32,7.87,181.0,54.75,678.6,702.3,75.1
46632000,-0.32,7.83,182.1,55.04,682.4,706.2,75.1
46633500,-0.31,7.84,180.4,55.40,681.8,705.3,75.2
46635000,-0.32,7.86,182.9,54.31,678.9,703.1,74.9
46636500,-0.32,7.84,182.3,54.86,681.5,705.4,75.0
46638000,-0.32,7.84,184.1,54.18,680.2,704.7,74.9
46639500,-0.32,7.77,187.2,54.27,685.9,711.0,74.7
46641000,-0.32,7.79,185.0,54.58,684.3,708.8,74.9
46642500,-0.32,7.82,183.8,54.56,682.0,706.3,74.9
46644000,-0.32,7.80,185.7,54.18,682.8,707.6,74.8
46645500,-0.31,7.81,182.2,55.35,684.6,708.5,75.1
46647000,-0.32,7.77,184.8,55.01,686.8,711.3,74.9
46648500,-0.32,7.79,184.7,54.66,684.4,708.9,74.9
46650000,-0.31,7.79,181.8,55.69,686.1,709.8,75.2
46651500,-0.31,7.78,181.4,56.05,687.8,711.3,75.2
46653000,-0.31,7.74,183.7,55.88,690.9,714.9,75.1
46654500,-0.31,7.80,181.1,55.83,685.9,709.4,75.2
46656000,-0.31,7.78,181.3,56.03,687.5,711.0,75.2
46657500,-0.31,7.79,182.6,55.52,686.4,710.3,75.1
46659000,-0.31,7.74,184.9,55.45,690.0,714.3,75.0
46660500,-0.31,7.78,182.4,55.63,686.9,710.7,75.1
46662000,-0.32,7.74,186.1,54.97,688.9,713.6,74.9
46663500,-0.32,7.73,186.2,55.14,690.1,714.8,74.9
46665000,-0.31,7.79,183.4,55.17,685.5,709.6,75.0
46666500,-0.31,7.77,183.2,55.56,687.8,711.8,75.1
46668000,-0.32,7.75,185.0,55.15,688.2,712.7,75.0
46669500,-0.32,7.74,186.1,54.94,688.7,713.4,74.9
46671000,-0.31,7.72,184.9,55.73,691.8,716.0,75.0
46672500,-0.31,7.72,185.7,55.51,691.7,716.2,75.0
46674000,-0.31,7.75,182.9,56.05,690.4,714.2,75.2
46675500,-0.32,7.72,187.3,54.93,690.7,715.6,74.8
46677000,-0.31,7.68,186.7,55.67,694.7,719.3,75.0
46678500,-0.31,7.67,185.4,56.32,696.7,721.0,75.1
46680000,-0.31,7.71,186.0,55.54,692.5,717.1,75.0
46681500,-0.31,7.68,186.1,55.98,695.6,720.0,75.0
46683000,-0.32,7.71,188.6,54.65,691.0,716.3,74.7
46684500,-0.32,7.68,188.6,55.07,693.8,719.0,74.8
46686000,-0.31,7.66,184.9,56.59,697.7,721.8,75.2
46687500,-0.31,7.71,184.8,55.88,692.8,717.0,75.1
46689000,-0.31,7.68,187.0,55.57,694.4,719.2,74.9
46690500,-0.31,7.67,188.5,55.27,695.1,720.2,74.8
46692000,-0.31,7.69,184.6,56.27,695.0,719.1,75.1
46693500,-0.31,7.60,191.0,55.44,700.5,726.1,74.7
46695000,-0.31,7.66,186.5,56.04,696.8,721.3,75.0
46696500,-0.31,7.64,186.8,56.26,698.7,723.2,75.0
46698000,-0.31,7.66,186.3,56.25,697.8,722.3,75.1
46699500,-0.31,7.60,187.8,56.68,703.3,727.9,75.0
46701000,-0.31,7.63,189.3,55.61,698.7,723.9,74.8
46702500,-0.31,7.64,188.7,55.68,698.1,723.2,74.9
46704000,-0.30,7.63,184.6,57.28,701.6,725.5,75.3
46705500,-0.31,7.59,188.5,56.58,703.8,728.6,75.0
46707000,-0.32,7.61,191.6,55.10,699.2,725.0,74.7
46708500,-0.32,7.64,190.6,55.06,697.2,722.8,74.7
46710000,-0.31,7.63,185.6,56.95,701.2,725.3,75.2
46711500,-0.31,7.62,189.4,55.72,699.6,724.7,74.9
46713000,-0.31,7.61,191.2,55.24,699.4,725.0,74.7
46714500,-0.31,7.60,188.6,56.37,702.6,727.4,75.0
46716000,-0.31,7.60,188.0,56.45,702.2,726.9,75.0
46717500,-0.31,7.56,190.6,56.36,706.0,731.2,74.9
46719000,-0.31,7.56,190.8,56.25,705.6,731.0,74.9
46720500,-0.31,7.56,190.5,56.32,705.6,730.8,74.9
46722000,-0.31,7.55,192.9,55.72,705.7,731.6,74.7
46723500,-0.31,7.56,190.4,56.28,705.1,730.4,74.9
46725000,-0.31,7.59,190.0,56.01,702.6,727.8,74.9
46726500,-0.31,7.52,191.8,56.55,709.4,734.9,74.9
46728000,-0.32,7.51,196.7,55.08,707.6,734.5,74.5
46729500,-0.31,7.57,189.2,56.64,705.5,730.5,75.0
46731000,-0.30,7.54,189.4,57.07,708.8,733.6,75.0
46732500,-0.31,7.54,191.8,56.17,706.7,732.3,74.8
46734000,-0.31,7.51,192.4,56.51,710.2,735.8,74.8
46735500,-0.31,7.48,195.3,56.03,711.9,738.2,74.7
46737000,-0.31,7.51,192.0,56.53,709.6,735.2,74.9
46738500,-0.31,7.51,192.7,56.39,709.9,735.6,74.8
46740000,-0.31,7.51,193.4,56.19,709.7,735.6,74.8
46741500,-0.31,7.47,193.0,56.85,713.5,739.1,74.9
46743000,-0.30,7.50,190.5,57.33,712.4,737.4,75.0
46744500,-0.31,7.48,192.7,56.94,713.5,739.1,74.9
46746000,-0.31,7.47,193.5,56.77,713.8,739.6,74.8
46747500,-0.31,7.45,194.2,56.89,715.8,741.7,74.8
46749000,-0.30,7.48,190.0,57.75,714.2,739.1,75.1
46750500,-0.31,7.49,193.3,56.55,711.9,737.6,74.8
46752000,-0.31,7.45,195.0,56.58,715.1,741.3,74.7
46753500,-0.31,7.44,197.2,56.08,715.3,741.9,74.6
46755000,-0.31,7.48,194.4,56.35,712.5,738.6,74.7
46756500,-0.31,7.40,196.8,56.76,719.4,745.9,74.7
46758000,-0.30,7.40,196.4,56.99,720.3,746.6,74.7
46759500,-0.30,7.40,195.7,57.11,719.9,746.0,74.8
46761000,-0.30,7.43,194.8,57.03,717.8,743.7,74.8
46762500,-0.30,7.47,191.8,57.31,714.4,739.7,75.0
46764000,-0.31,7.45,197.3,55.79,713.5,740.3,74.5
46765500,-0.30,7.42,195.4,57.00,718.5,744.6,74.8
46767000,-0.30,7.40,194.7,57.52,720.9,746.7,74.9
46768500,-0.30,7.40,194.6,57.52,720.7,746.5,74.9
46770000,-0.31,7.34,200.7,56.44,723.7,751.1,74.5
46771500,-0.31,7.36,198.5,56.87,723.0,749.8,74.6
46773000,-0.31,7.40,198.0,56.47,719.3,746.0,74.6
46774500,-0.31,7.36,198.7,56.83,723.1,749.9,74.6
46776000,-0.30,7.37,196.7,57.33,723.0,749.3,74.8
46777500,-0.30,7.37,194.9,57.91,723.9,749.6,74.9
46779000,-0.31,7.36,198.4,56.93,723.3,750.0,74.7
46780500,-0.31,7.33,201.7,56.28,724.3,751.9,74.4
46782000,-0.31,7.36,202.4,55.66,721.2,749.1,74.3
46783500,-0.31,7.34,203.4,55.61,722.3,750.4,74.3
46785000,-0.30,7.35,197.9,57.20,724.2,750.8,74.7
46786500,-0.30,7.32,199.6,57.21,727.1,754.0,74.7
46788000,-0.31,7.36,198.8,56.71,722.5,749.3,74.6
46789500,-0.30,7.34,198.6,57.18,725.2,751.9,74.7
46791000,-0.30,7.33,199.1,57.23,726.4,753.2,74.7
46792500,-0.31,7.30,202.5,56.64,728.1,755.8,74.5
46794000,-0.30,7.31,199.8,57.33,728.4,755.3,74.7
46795500,-0.30,7.32,196.7,58.20,729.0,755.1,74.9
46797000,-0.30,7.31,198.8,57.65,728.9,755.5,74.7
46798500,-0.31,7.32,200.8,56.87,726.9,754.2,74.6
46800000,-0.30,7.29,198.1,58.26,731.8,758.2,74.9
46801500,-0.31,7.32,203.5,56.02,725.4,753.4,74.3
46803000,-0.30,7.29,200.8,57.25,729.4,756.6,74.6
46804500,-0.30,7.31,200.3,57.14,727.9,755.0,74.6
46806000,-0.30,7.26,201.7,57.54,732.9,760.1,74.6
46807500,-0.30,7.25,202.1,57.51,733.4,760.7,74.6
46809000,-0.30,7.29,201.7,57.02,729.5,756.9,74.5
46810500,-0.31,7.27,203.4,56.87,731.2,759.0,74.5
46812000,-0.30,7.24,198.5,58.89,736.7,763.0,74.9
46813500,-0.30,7.22,202.6,57.84,736.6,763.9,74.6
46815000,-0.30,7.25,200.7,57.94,734.1,761.1,74.7
46816500,-0.30,7.22,205.3,57.07,735.8,763.9,74.4
46818000,-0.30,7.25,199.6,58.48,735.8,762.4,74.8
46819500,-0.30,7.23,199.3,58.82,737.7,764.1,74.9
46821000,-0.30,7.23,202.2,57.92,736.5,763.7,74.6
46822500,-0.30,7.18,205.1,57.79,740.5,768.4,74.5
46824000,-0.30,7.19,203.3,58.13,739.7,767.1,74.6
46825500,-0.30,7.20,203.0,58.04,738.6,766.0,74.6
46827000,-0.30,7.23,201.0,58.19,736.3,763.3,74.7
46828500,-0.30,7.17,207.0,57.31,740.3,768.8,74.4
46830000,-0.30,7.22,202.2,58.02,737.1,764.3,74.7
46831500,-0.30,7.18,205.1,57.83,740.7,768.6,74.5
46833000,-0.30,7.23,203.2,57.59,736.0,763.5,74.6
46834500,-0.30,7.18,205.8,57.46,739.4,767.5,74.4
46836000,-0.30,7.25,203.8,57.05,733.2,761.0,74.5
46837500,-0.30,7.15,205.4,58.17,743.6,771.4,74.6
46839000,-0.30,7.19,205.4,57.56,739.3,767.3,74.5
46840500,-0.30,7.19,202.6,58.51,741.2,768.4,74.7
46842000,-0.30,7.17,207.4,57.18,740.0,768.5,74.3
46843500,-0.30,7.14,204.7,58.66,745.8,773.4,74.7
46845000,-0.30,7.15,208.5,57.27,742.4,771.1,74.3
46846500,-0.30,7.16,203.7,58.53,743.2,770.6,74.7
46848000,-0.30,7.13,207.1,57.93,744.7,772.9,74.5
46849500,-0.30,7.13,207.6,57.92,745.5,773.8,74.4
46851000,-0.31,7.14,210.2,56.83,742.2,771.4,74.2
46852500,-0.30,7.14,205.6,58.32,744.9,772.8,74.6
46854000,-0.30,7.14,207.5,57.62,743.2,771.6,74.4
46855500,-0.30,7.11,208.9,57.81,747.0,775.6,74.4
46857000,-0.30,7.14,207.2,57.82,744.1,772.4,74.4
46858500,-0.30,7.12,207.1,58.18,746.5,774.7,74.5
46860000,-0.30,7.10,208.7,57.93,747.4,776.0,74.4
46861500,-0.30,7.10,206.6,58.77,749.7,777.6,74.6
46863000,-0.30,7.08,209.4,58.20,750.5,779.2,74.4
46864500,-0.29,7.08,206.7,59.01,751.4,779.3,74.6
46866000,-0.29,7.09,206.1,58.99,750.4,778.2,74.6
46867500,-0.30,7.04,214.5,57.28,752.4,782.3,74.1
46869000,-0.30,7.05,211.2,57.99,752.0,781.1,74.3
46870500,-0.30,7.04,210.4,58.45,753.9,782.7,74.4
46872000,-0.30,7.04,213.3,57.65,753.0,782.6,74.2
46873500,-0.30,7.01,215.4,57.44,755.0,785.1,74.1
46875000,-0.30,7.02,213.2,58.03,755.6,785.1,74.2
46876500,-0.29,7.02,209.5,59.21,757.6,786.0,74.5
46878000,-0.30,7.01,212.4,58.35,756.5,785.8,74.3
46879500,-0.30,7.04,211.1,58.27,753.8,782.8,74.4
46881000,-0.30,7.03,213.2,57.81,754.1,783.6,74.2
46882500,-0.30,7.04,209.8,58.79,755.1,783.7,74.5
46884000,-0.30,7.02,215.1,57.45,754.5,784.6,74.1
46885500,-0.30,7.01,212.1,58.61,757.8,786.9,74.4
46887000,-0.30,7.01,213.5,57.98,755.7,785.3,74.2
46888500,-0.29,6.99,212.1,58.95,760.2,789.2,74.4
46890000,-0.29,7.00,209.2,59.70,760.4,788.7,74.6
46891500,-0.30,6.94,216.8,58.33,763.5,793.7,74.1
46893000,-0.30,7.00,212.2,58.61,758.0,787.1,74.4
46894500,-0.29,6.96,213.3,58.98,762.3,791.6,74.4
46896000,-0.30,7.00,212.9,58.52,758.5,787.8,74.3
46897500,-0.29,6.96,212.4,59.29,763.0,792.0,74.4
46899000,-0.30,6.98,213.2,58.66,760.0,789.3,74.3
46900500,-0.30,6.98,218.0,57.24,757.7,788.5,73.9
46902000,-0.30,6.94,218.3,57.86,762.6,793.2,74.0
46903500,-0.30,6.90,218.3,58.53,767.4,797.8,74.1
46905000,-0.29,6.96,213.3,59.11,763.4,792.6,74.4
46906500,-0.30,6.93,216.6,58.59,765.0,795.1,74.2
46908000,-0.29,6.93,212.0,59.98,767.2,796.0,74.6
46909500,-0.29,6.89,217.3,58.98,768.9,799.1,74.2
46911000,-0.30,6.90,221.1,57.66,765.7,797.0,73.9
46912500,-0.30,6.93,218.2,58.08,764.0,794.5,74.1
46914000,-0.29,6.93,214.7,59.21,766.3,795.8,74.3
46915500,-0.30,6.90,217.5,58.78,767.9,798.2,74.2
46917000,-0.29,6.89,213.6,60.24,771.6,800.6,74.5
46918500,-0.30,6.88,218.3,58.88,769.9,800.2,74.2
46920000,-0.30,6.92,216.3,58.88,766.6,796.5,74.2
46921500,-0.30,6.87,221.8,58.00,769.3,800.6,73.9
46923000,-0.30,6.91,217.8,58.44,766.0,796.3,74.1
46924500,-0.30,6.86,220.8,58.47,771.1,802.1,74.0
46926000,-0.30,6.85,222.6,58.12,771.3,802.8,73.9
46927500,-0.29,6.84,217.3,59.99,776.0,805.8,74.4
46929000,-0.30,6.87,219.3,58.87,771.4,801.9,74.1
46930500,-0.30,6.87,221.7,58.09,769.7,801.0,73.9
46932000,-0.29,6.83,220.4,59.10,774.9,805.6,74.1
46933500,-0.29,6.87,216.9,59.57,772.4,802.3,74.3
46935000,-0.29,6.85,217.2,59.89,775.2,805.1,74.3
46936500,-0.29,6.84,219.3,59.39,775.2,805.6,74.2
46938000,-0.29,6.80,217.9,60.50,780.6,810.5,74.4
46939500,-0.29,6.80,222.5,59.10,778.3,809.5,74.0
46941000,-0.28,6.82,215.6,60.97,780.0,809.2,74.6
46942500,-0.29,6.83,218.8,59.75,776.8,807.0,74.3
46944000,-0.30,6.80,223.6,58.78,777.8,809.3,74.0
46945500,-0.30,6.82,223.4,58.52,775.5,807.0,73.9
46947000,-0.29,6.79,221.0,59.69,780.1,810.8,74.2
46948500,-0.30,6.74,227.3,58.74,783.3,815.6,73.8
46950000,-0.29,6.79,219.5,60.34,782.1,812.3,74.3
46951500,-0.29,6.80,222.3,59.15,778.2,809.3,74.1
46953000,-0.29,6.81,218.5,60.10,778.9,809.0,74.3
46954500,-0.29,6.80,220.4,59.68,779.0,809.5,74.2
46956000,-0.29,6.81,219.1,60.04,779.4,809.6,74.3
46957500,-0.29,6.75,226.1,58.92,782.8,814.8,73.9
46959000,-0.29,6.79,221.8,59.47,779.7,810.7,74.1
46960500,-0.29,6.72,225.0,59.82,787.5,819.0,74.1
46962000,-0.29,6.76,222.0,60.03,784.0,814.8,74.2
46963500,-0.29,6.70,225.6,59.96,789.4,821.0,74.0
46965000,-0.29,6.74,224.6,59.68,785.7,817.2,74.0
46966500,-0.29,6.74,225.4,59.40,785.1,816.8,74.0
46968000,-0.28,6.75,219.4,61.09,787.3,817.3,74.4
46969500,-0.29,6.74,222.3,60.24,785.9,816.8,74.2
46971000,-0.29,6.76,223.5,59.59,783.4,814.6,74.1
46972500,-0.29,6.73,222.7,60.47,788.3,819.1,74.2
46974000,-0.29,6.72,225.2,59.78,787.5,819.0,74.0
46975500,-0.29,6.69,226.7,59.85,790.4,822.3,74.0
46977000,-0.29,6.69,227.9,59.45,789.5,821.7,73.9
46978500,-0.29,6.73,223.5,60.11,787.0,818.1,74.1
46980000,-0.29,6.72,226.4,59.43,786.9,818.8,73.9
46981500,-0.29,6.68,227.0,59.98,791.8,823.7,74.0
46983000,-0.29,6.68,224.5,60.80,793.6,824.8,74.2
46984500,-0.29,6.68,225.3,60.56,793.1,824.5,74.1
46986000,-0.30,6.65,232.8,58.86,792.9,826.4,73.6
46987500,-0.29,6.66,226.5,60.54,794.9,826.5,74.1
46989000,-0.30,6.70,229.7,58.89,788.2,820.9,73.8
46990500,-0.29,6.70,226.1,60.00,790.4,822.1,74.0
46992000,-0.29,6.69,230.0,58.98,789.3,822.1,73.8
46993500,-0.29,6.67,229.6,59.48,792.3,824.9,73.8
46995000,-0.29,6.66,229.2,59.69,793.2,825.6,73.9
46996500,-0.29,6.65,231.4,59.20,793.2,826.2,73.7
46998000,-0.29,6.62,231.9,59.66,797.4,830.4,73.8
46999500,-0.29,6.67,229.8,59.28,791.2,823.9,73.8
47001000,-0.29,6.59,232.5,60.15,801.8,834.8,73.8
47002500,-0.29,6.59,232.4,60.17,801.9,834.9,73.8
47004000,-0.28,6.61,226.5,61.55,802.1,833.5,74.2
47005500,-0.29,6.58,233.9,59.81,801.6,835.0,73.7
47007000,-0.29,6.63,231.6,59.66,796.7,829.7,73.8
47008500,-0.29,6.58,231.9,60.54,803.6,836.4,73.9
47010000,-0.29,6.57,231.4,60.80,804.7,837.3,74.0
47011500,-0.29,6.60,231.7,60.05,799.9,832.8,73.8
47013000,-0.28,6.59,228.6,61.31,803.9,835.8,74.1
47014500,-0.28,6.58,229.4,61.32,805.1,837.2,74.1
47016000,-0.29,6.58,232.1,60.49,803.6,836.5,73.9
47017500,-0.29,6.59,230.0,60.87,803.0,835.3,74.0
47019000,-0.28,6.57,228.0,61.88,806.8,838.4,74.2
47020500,-0.29,6.56,237.4,59.13,802.0,836.4,73.5
47022000,-0.28,6.53,232.8,61.14,809.4,842.2,74.0
47023500,-0.29,6.58,231.8,60.60,803.8,836.6,73.9
47025000,-0.29,6.53,234.8,60.59,808.6,842.0,73.8
47026500,-0.28,6.54,230.3,61.70,809.3,841.5,74.1
47028000,-0.28,6.53,230.7,61.93,811.7,843.8,74.1
47029500,-0.29,6.53,236.7,59.94,806.9,840.9,73.6
47031000,-0.28,6.53,230.9,61.68,810.3,842.6,74.1
47032500,-0.29,6.48,237.4,60.72,813.7,847.7,73.7
47034000,-0.28,6.53,228.7,62.43,812.0,843.6,74.3
47035500,-0.28,6.50,235.0,61.16,813.1,846.4,73.9
47037000,-0.28,6.52,232.7,61.40,811.2,843.9,74.0
47038500,-0.28,6.49,234.2,61.65,815.3,848.2,74.0
47040000,-0.28,6.44,236.5,61.79,820.1,853.5,73.9
47041500,-0.28,6.47,237.2,61.07,816.0,849.7,73.8
47043000,-0.28,6.46,237.4,61.24,817.4,851.2,73.8
47044500,-0.28,6.50,234.0,61.37,812.9,845.9,73.9
47046000,-0.28,6.52,232.1,61.61,811.7,844.2,74.0
47047500,-0.28,6.44,237.9,61.39,819.3,853.2,73.8
47049000,-0.28,6.49,235.0,61.27,813.8,847.0,73.9
47050500,-0.28,6.48,235.7,61.41,816.0,849.4,73.9
47052000,-0.28,6.46,235.3,61.96,819.3,852.4,74.0
47053500,-0.29,6.41,241.8,60.91,821.9,856.8,73.6
47055000,-0.28,6.44,237.1,61.71,820.4,854.0,73.9
47056500,-0.28,6.47,235.7,61.49,816.6,849.9,73.9
47058000,-0.29,6.44,240.6,60.72,818.7,853.3,73.6
47059500,-0.28,6.43,240.0,61.11,820.6,855.0,73.7
47061000,-0.28,6.43,239.6,61.26,821.1,855.3,73.7
47062500,-0.29,6.42,241.6,60.74,820.3,855.2,73.6
47064000,-0.29,6.37,250.1,59.28,822.5,859.7,73.1
47065500,-0.29,6.43,242.2,60.37,818.6,853.7,73.5
47067000,-0.28,6.43,240.3,61.05,820.7,855.1,73.7
47068500,-0.28,6.42,235.8,62.49,823.8,856.9,74.0
47070000,-0.28,6.38,239.2,62.26,827.7,861.5,73.9
47071500,-0.28,6.41,240.1,61.49,823.6,857.9,73.7
47073000,-0.29,6.37,244.7,60.92,826.6,862.1,73.5
47074500,-0.29,6.39,245.2,60.31,822.8,858.6,73.4
47076000,-0.29,6.37,245.6,60.70,826.2,861.9,73.4
47077500,-0.28,6.40,239.2,61.96,825.5,859.4,73.8
47079000,-0.28,6.39,239.4,62.08,826.8,860.7,73.9
47080500,-0.28,6.38,241.6,61.52,826.1,860.7,73.7
47082000,-0.28,6.31,244.8,62.05,835.1,870.3,73.7
47083500,-0.28,6.30,247.0,61.75,836.3,872.0,73.5
47085000,-0.28,6.33,245.4,61.58,832.5,867.9,73.6
47086500,-0.28,6.34,242.1,62.23,832.2,866.7,73.8
47088000,-0.28,6.35,241.8,62.19,831.3,865.8,73.8
47089500,-0.28,6.30,247.3,61.54,835.1,870.9,73.5
47091000,-0.27,6.34,238.6,63.46,835.4,868.8,74.1
47092500,-0.28,6.30,246.4,61.77,835.5,871.0,73.6
47094000,-0.28,6.31,247.9,61.17,833.4,869.5,73.4
47095500,-0.28,6.31,245.2,61.96,834.9,870.2,73.6
47097000,-0.28,6.30,245.6,62.05,836.3,871.7,73.6
47098500,-0.28,6.31,247.3,61.28,833.3,869.2,73.5
47100000,-0.28,6.29,246.9,61.90,837.2,872.9,73.6
47101500,-0.28,6.26,249.1,61.99,841.3,877.4,73.5
47103000,-0.29,6.31,249.4,60.86,833.3,869.8,73.3
47104500,-0.28,6.31,246.0,61.88,835.6,871.0,73.6
47106000,-0.28,6.30,246.1,61.99,836.6,872.0,73.6
47107500,-0.28,6.31,244.0,62.29,835.5,870.4,73.7
47109000,-0.28,6.30,246.8,61.74,835.9,871.5,73.5
47110500,-0.28,6.25,250.0,61.99,842.6,878.9,73.5
47112000,-0.28,6.26,245.8,62.92,842.9,878.0,73.7
47113500,-0.28,6.28,249.3,61.39,837.2,873.5,73.4
47115000,-0.28,6.20,250.9,62.68,849.2,885.5,73.5
47116500,-0.28,6.30,244.3,62.47,837.3,872.2,73.7
47118000,-0.28,6.23,250.0,62.23,844.4,880.6,73.5
47119500,-0.28,6.21,250.2,62.63,847.6,883.7,73.6
47121000,-0.28,6.26,246.9,62.61,842.4,877.9,73.7
47122500,-0.28,6.21,252.3,62.12,847.3,884.0,73.4
47124000,-0.27,6.17,251.9,63.18,854.4,890.7,73.6
47125500,-0.27,6.22,246.3,63.58,848.6,883.6,73.8
47127000,-0.28,6.19,252.0,62.61,850.3,886.8,73.5
47128500,-0.28,6.22,249.6,62.60,846.6,882.6,73.6
47130000,-0.28,6.21,252.3,62.08,846.8,883.6,73.4
47131500,-0.27,6.18,250.8,63.18,852.6,888.7,73.6
47133000,-0.28,6.21,251.9,62.14,846.7,883.4,73.4
47134500,-0.27,6.18,250.5,63.33,853.4,889.4,73.6
47136000,-0.28,6.18,252.8,62.67,852.1,888.8,73.5
47137500,-0.27,6.18,249.3,63.75,854.5,890.1,73.7
47139000,-0.27,6.19,250.1,63.19,851.7,887.6,73.6
47140500,-0.28,6.19,251.0,62.86,850.5,886.8,73.6
47142000,-0.28,6.15,254.6,62.76,855.4,892.5,73.4
47143500,-0.27,6.13,253.6,63.53,859.6,896.2,73.6
47145000,-0.27,6.15,251.0,63.86,858.0,893.9,73.7
47146500,-0.28,6.18,251.5,62.89,851.7,888.0,73.5
47148000,-0.27,6.17,249.7,63.76,855.1,890.8,73.7
47149500,-0.27,6.13,253.6,63.57,859.9,896.6,73.6
47151000,-0.27,6.16,248.0,64.40,857.1,892.3,73.9
47152500,-0.28,6.12,257.0,62.66,858.4,896.0,73.3
47154000,-0.27,6.12,252.1,64.12,861.7,897.8,73.7
47155500,-0.28,6.18,251.5,63.09,853.1,889.4,73.6
47157000,-0.27,6.12,253.5,63.73,860.9,897.4,73.6
47158500,-0.27,6.13,254.6,63.28,859.3,896.2,73.5
47160000,-0.27,6.11,251.7,64.58,864.3,900.2,73.8
47161500,-0.27,6.10,255.9,63.40,862.2,899.3,73.5
47163000,-0.27,6.12,253.6,63.63,860.4,897.0,73.6
47164500,-0.27,6.06,258.8,63.55,867.8,905.6,73.4
47166000,-0.27,6.07,257.8,63.49,865.8,903.4,73.4
47167500,-0.27,6.04,261.3,63.27,869.6,908.0,73.3
47169000,-0.27,6.02,261.9,63.60,872.9,911.3,73.3
47170500,-0.28,6.01,264.3,63.08,872.7,911.8,73.1
47172000,-0.27,6.06,259.6,63.23,866.7,904.7,73.3
47173500,-0.27,6.06,256.8,64.09,868.6,905.8,73.5
47175000,-0.27,6.08,253.7,64.49,866.8,903.1,73.7
47176500,-0.27,6.00,263.1,63.69,875.4,914.0,73.3
47178000,-0.27,6.08,252.4,65.00,868.5,904.4,73.8
47179500,-0.27,6.05,252.8,65.55,873.2,909.1,73.9
47181000,-0.27,6.03,261.0,63.65,872.0,910.2,73.3
47182500,-0.27,6.05,259.6,63.53,868.9,906.8,73.4
47184000,-0.27,6.00,260.8,64.39,877.1,915.1,73.4
47185500,-0.27,6.04,259.0,64.05,871.8,909.4,73.5
47187000,-0.27,6.00,264.1,63.30,874.0,913.0,73.2
47188500,-0.27,5.98,262.4,64.27,878.6,916.9,73.4
47190000,-0.27,5.94,268.2,63.67,882.9,922.7,73.1
47191500,-0.27,5.96,261.6,64.94,882.4,920.4,73.5
47193000,-0.27,5.97,262.6,64.61,881.6,919.9,73.4
47194500,-0.27,6.00,261.3,64.12,875.8,913.9,73.4
47196000,-0.27,5.94,265.3,64.35,883.7,922.7,73.3
47197500,-0.27,5.95,264.8,64.29,882.4,921.3,73.3
47199000,-0.26,5.94,260.7,65.75,887.0,924.5,73.6
47200500,-0.27,5.94,263.6,64.82,884.6,923.1,73.4
47202000,-0.27,5.95,265.0,64.32,883.0,921.9,73.3
47203500,-0.27,5.93,265.2,64.67,886.0,924.8,73.3
47205000,-0.27,5.93,265.3,64.56,885.3,924.2,73.3
47206500,-0.27,5.92,264.0,65.29,888.7,927.1,73.5
47208000,-0.27,5.90,271.2,63.77,888.3,928.8,73.0
47209500,-0.26,5.93,261.8,65.74,888.6,926.4,73.6
47211000,-0.27,5.91,267.1,64.72,889.1,928.4,73.3
47212500,-0.27,5.94,265.5,64.27,883.5,922.5,73.3
47214000,-0.27,5.91,268.9,64.10,887.3,927.1,73.1
47215500,-0.27,5.92,265.0,65.07,888.7,927.3,73.4
47217000,-0.27,5.91,264.3,65.43,890.3,928.7,73.5
47218500,-0.26,5.87,267.3,65.64,896.4,935.5,73.4
47220000,-0.27,5.90,266.5,65.08,891.0,930.1,73.3
47221500,-0.26,5.85,266.6,66.12,898.9,937.6,73.5
47223000,-0.27,5.88,269.8,64.67,892.9,932.7,73.2
47224500,-0.27,5.85,271.6,64.83,896.9,937.2,73.2
47226000,-0.27,5.90,266.8,64.84,889.7,928.8,73.3
47227500,-0.27,5.85,270.0,65.15,896.8,936.6,73.2
47229000,-0.26,5.87,265.1,66.08,896.2,934.6,73.5
47230500,-0.27,5.86,268.7,65.45,897.2,936.5,73.3
47232000,-0.27,5.83,275.2,64.17,897.2,938.5,72.9
47233500,-0.27,5.84,272.7,64.70,897.5,938.0,73.1
47235000,-0.27,5.83,271.0,65.52,901.2,941.1,73.3
47236500,-0.26,5.81,271.2,65.81,903.6,943.5,73.3
47238000,-0.27,5.83,273.1,64.91,899.7,940.2,73.1
47239500,-0.27,5.84,270.7,65.39,899.7,939.5,73.3
47241000,-0.26,5.84,267.8,66.11,900.7,939.6,73.4
47242500,-0.26,5.79,272.0,66.04,906.5,946.5,73.3
47244000,-0.26,5.79,272.7,66.01,907.3,947.4,73.3
47245500,-0.26,5.77,274.8,65.90,909.7,950.3,73.2
47247000,-0.26,5.79,270.0,66.65,908.0,947.3,73.4
47248500,-0.26,5.80,272.3,65.87,905.8,945.8,73.3
47250000,-0.27,5.73,281.8,64.93,912.8,955.3,72.8
47251500,-0.27,5.74,278.9,65.42,912.3,954.0,73.0
47253000,-0.27,5.79,280.0,63.83,901.6,944.1,72.7
47254500,-0.26,5.79,272.3,66.13,907.7,947.7,73.3
47256000,-0.27,5.77,278.5,64.68,906.0,947.8,72.9
47257500,-0.27,5.75,279.9,65.00,910.6,952.6,72.9
47259000,-0.26,5.73,277.4,66.08,915.0,956.1,73.1
47260500,-0.26,5.73,277.7,65.93,914.4,955.6,73.1
47262000,-0.26,5.69,280.8,66.04,919.8,961.7,73.0
47263500,-0.26,5.73,272.9,67.51,918.9,958.5,73.5
47265000,-0.27,5.71,281.9,65.34,916.1,958.5,72.9
47266500,-0.26,5.71,281.4,65.60,917.4,959.6,72.9
47268000,-0.27,5.68,286.5,64.87,919.2,962.8,72.7
47269500,-0.26,5.71,279.0,66.05,917.3,958.8,73.1
47271000,-0.26,5.71,277.9,66.53,919.2,960.3,73.2
47272500,-0.27,5.67,284.7,65.51,921.5,964.4,72.8
47274000,-0.27,5.70,282.3,65.55,918.3,960.7,72.9
47275500,-0.26,5.68,280.2,66.58,923.0,964.6,73.1
47277000,-0.27,5.70,288.9,63.76,913.8,958.4,72.5
47278500,-0.26,5.69,282.9,65.58,919.4,962.0,72.9
47280000,-0.26,5.67,281.5,66.39,923.5,965.4,73.0
47281500,-0.26,5.67,282.4,66.24,923.7,966.0,73.0
47283000,-0.26,5.65,281.1,67.09,928.2,969.8,73.2
47284500,-0.26,5.65,284.2,66.26,926.6,969.2,72.9
47286000,-0.26,5.68,283.6,65.65,920.9,963.6,72.9
47287500,-0.26,5.64,285.0,66.36,928.6,971.4,72.9
47289000,-0.27,5.65,287.0,65.37,923.7,967.3,72.7
47290500,-0.26,5.65,281.9,66.96,928.5,970.4,73.1
47292000,-0.26,5.63,282.4,67.31,931.9,973.7,73.1
47293500,-0.27,5.67,292.4,63.51,916.9,962.4,72.3
47295000,-0.26,5.68,276.7,67.50,924.6,965.1,73.3
47296500,-0.26,5.64,287.5,65.58,926.2,969.8,72.8
47298000,-0.26,5.61,288.2,66.24,932.2,975.8,72.8
47299500,-0.27,5.62,292.3,64.89,927.6,972.6,72.5
47301000,-0.26,5.57,292.7,66.04,937.3,981.9,72.7
47302500,-0.26,5.57,293.4,65.85,936.8,981.6,72.6
47304000,-0.26,5.58,289.3,66.52,936.1,979.8,72.8
47305500,-0.26,5.60,287.1,66.68,934.0,977.1,72.9
47307000,-0.26,5.61,282.5,67.76,935.4,977.1,73.2
47308500,-0.27,5.55,297.3,65.31,938.2,984.2,72.4
47310000,-0.26,5.61,290.0,65.71,930.8,975.0,72.7
47311500,-0.26,5.54,296.9,65.67,940.4,986.1,72.5
47313000,-0.26,5.56,288.6,67.29,940.9,984.2,72.9
47314500,-0.26,5.54,295.4,66.12,941.8,987.0,72.6
47316000,-0.26,5.54,290.5,67.39,944.5,988.2,72.9
47317500,-0.26,5.52,296.4,66.17,943.6,989.1,72.6
47319000,-0.26,5.52,294.9,66.60,944.8,989.8,72.7
47320500,-0.26,5.51,296.2,66.50,945.9,991.2,72.6
47322000,-0.26,5.56,290.9,66.60,939.0,983.0,72.8
47323500,-0.25,5.52,288.0,68.56,949.8,992.5,73.1
47325000,-0.26,5.51,294.9,66.86,946.9,991.8,72.7
47326500,-0.27,5.52,300.3,65.13,941.0,987.8,72.3
47328000,-0.26,5.51,295.3,66.82,947.1,992.1,72.7
47329500,-0.26,5.50,296.6,66.80,949.0,994.2,72.6
47331000,-0.25,5.49,292.3,68.21,953.5,997.3,73.0
47332500,-0.25,5.52,286.7,68.94,950.6,992.9,73.2
47334000,-0.26,5.50,299.5,65.90,946.0,992.3,72.4
47335500,-0.26,5.49,294.5,67.48,951.2,995.7,72.8
47337000,-0.27,5.49,303.9,65.06,945.4,993.1,72.2
47338500,-0.26,5.49,297.0,66.90,950.2,995.6,72.6
47340000,-0.26,5.51,295.4,66.81,947.3,992.3,72.7
47341500,-0.26,5.49,296.4,67.05,950.6,995.8,72.7
47343000,-0.26,5.49,299.6,66.19,948.4,994.6,72.5
47344500,-0.26,5.49,293.5,67.86,952.6,996.8,72.9
47346000,-0.27,5.49,302.0,65.55,946.7,993.7,72.3
47347500,-0.26,5.49,292.8,68.05,953.1,997.1,72.9
47349000,-0.26,5.49,293.8,67.80,952.5,996.7,72.9
47350500,-0.25,5.49,292.3,68.22,953.5,997.3,73.0
47352000,-0.26,5.49,298.0,66.63,949.6,995.2,72.6
47353500,-0.26,5.49,297.4,66.78,949.9,995.4,72.6
47355000,-0.26,5.49,294.5,67.58,952.0,996.5,72.8
47356500,-0.26,5.49,299.2,66.29,948.7,994.8,72.5
47358000,-0.26,5.49,292.8,68.06,953.1,997.1,72.9
47359500,-0.26,5.29,318.0,66.81,979.3,1029.6,72.0
47361000,-0.26,5.49,294.6,67.57,951.9,996.4,72.8
47362500,-0.26,5.49,294.4,67.61,952.0,996.5,72.8
47364000,-0.26,5.49,298.7,66.44,949.1,995.0,72.5
47365500,-0.26,5.29,321.2,65.99,976.9,1028.4,71.8
47367000,-0.26,5.49,292.9,68.04,953.1,997.1,72.9
47368500,-0.26,5.29,314.3,67.79,982.0,1031.0,72.3
47370000,-0.25,5.29,307.6,69.60,986.7,1033.5,72.7
47371500,-0.26,5.29,314.9,67.62,981.5,1030.8,72.2
47373000,-0.26,5.29,314.9,67.64,981.6,1030.8,72.2
47374500,-0.26,5.29,313.6,67.98,982.5,1031.3,72.3
47376000,-0.25,5.29,311.9,68.44,983.7,1031.9,72.4
47377500,-0.26,5.29,317.7,66.91,979.5,1029.8,72.0
47379000,-0.25,5.29,312.9,68.15,982.9,1031.5,72.3
47380500,-0.25,5.29,312.1,68.38,983.5,1031.9,72.4
47382000,-0.25,5.29,311.8,68.45,983.7,1032.0,72.4
47383500,-0.25,5.29,311.1,68.63,984.2,1032.2,72.5
47385000,-0.26,5.29,315.4,67.50,981.2,1030.6,72.2
47386500,-0.26,5.28,323.2,65.82,978.3,1030.3,71.7
47388000,-0.26,5.29,314.4,67.75,981.9,1031.0,72.2
47389500,-0.25,5.26,313.7,68.88,989.7,1038.2,72.4
47391000,-0.25,5.28,309.9,69.37,988.3,1035.7,72.6
47392500,-0.26,5.29,319.7,66.38,978.1,1029.0,71.9
47394000,-0.26,5.26,317.1,67.79,985.9,1035.6,72.2
47395500,-0.25,5.27,314.3,68.24,985.6,1034.5,72.3
47397000,-0.26,5.26,321.1,66.95,984.6,1035.7,71.9
47398500,-0.25,5.27,313.5,68.44,986.0,1034.7,72.4
47400000,-0.26,5.25,323.3,66.52,984.1,1035.9,71.8
47401500,-0.25,5.24,308.7,70.73,997.0,1043.7,72.8
47403000,-0.26,5.26,321.0,66.97,984.7,1035.7,71.9
47404500,-0.25,5.25,312.4,69.33,991.6,1039.7,72.5
47406000,-0.26,5.23,320.9,67.81,991.4,1042.0,72.1
47407500,-0.25,5.28,312.8,68.34,984.3,1032.8,72.4
47409000,-0.25,5.24,317.5,68.46,991.8,1041.4,72.2
47410500,-0.25,5.19,321.6,68.65,999.1,1049.6,72.2
47412000,-0.26,5.21,322.8,67.78,993.7,1044.9,72.0
47413500,-0.25,5.24,310.8,70.32,997.0,1044.3,72.7
47415000,-0.26,5.22,322.3,67.61,991.7,1042.7,72.0
47416500,-0.25,5.24,315.6,69.01,993.5,1042.4,72.4
47418000,-0.25,5.18,320.7,69.36,1003.6,1053.6,72.3
47419500,-0.25,5.18,316.7,70.46,1006.7,1055.3,72.5
47421000,-0.26,5.23,321.5,67.76,991.7,1042.5,72.0
47422500,-0.25,5.21,320.6,68.41,995.7,1046.1,72.2
47424000,-0.25,5.16,327.3,68.30,1004.2,1056.2,71.9
47425500,-0.25,5.17,320.8,69.68,1006.2,1056.1,72.3
47427000,-0.26,5.17,329.6,67.43,1000.2,1053.1,71.8
47428500,-0.25,5.19,318.6,69.61,1002.6,1052.0,72.4
47430000,-0.25,5.15,325.8,68.87,1006.7,1058.1,72.1
47431500,-0.26,5.14,330.4,68.03,1006.1,1059.0,71.8
47433000,-0.25,5.15,326.0,68.70,1005.6,1057.2,72.0
47434500,-0.25,5.12,327.6,69.21,1012.0,1063.7,72.1
47436000,-0.25,5.13,321.9,70.51,1014.4,1064.3,72.4
47437500,-0.25,5.15,326.1,68.72,1005.9,1057.5,72.0
47439000,-0.25,5.15,327.5,68.53,1006.4,1058.3,72.0
47440500,-0.25,5.10,331.6,68.86,1014.5,1067.3,71.9
47442000,-0.25,5.10,328.7,69.51,1015.9,1067.7,72.1
47443500,-0.26,5.10,335.6,67.97,1012.7,1066.9,71.7
47445000,-0.25,5.17,315.4,70.88,1008.1,1056.3,72.6
47446500,-0.25,5.10,333.8,68.27,1012.8,1066.4,71.8
47448000,-0.25,5.14,324.4,69.54,1010.2,1061.0,72.2
47449500,-0.25,5.07,335.9,68.70,1019.3,1073.2,71.8
47451000,-0.25,5.11,325.5,70.10,1016.2,1067.0,72.2
47452500,-0.25,5.05,332.8,69.95,1025.1,1077.8,72.0
47454000,-0.25,5.10,332.5,68.74,1014.9,1068.0,71.9
47455500,-0.26,5.11,333.8,68.04,1011.0,1064.6,71.7
47457000,-0.25,5.07,336.7,68.61,1019.4,1073.6,71.7
47458500,-0.25,5.05,333.3,69.80,1024.6,1077.5,72.0
47460000,-0.25,5.06,334.5,69.30,1022.1,1075.5,71.9
47461500,-0.25,5.07,330.9,70.04,1023.2,1075.4,72.1
47463000,-0.25,5.04,337.3,69.32,1026.2,1080.2,71.8
47464500,-0.25,5.04,337.8,68.99,1024.2,1078.5,71.7
47466000,-0.25,5.03,337.8,69.27,1026.4,1080.6,71.8
47467500,-0.25,5.03,336.4,69.80,1028.9,1082.5,71.9
47469000,-0.25,5.06,337.9,68.58,1020.9,1075.3,71.7
47470500,-0.25,5.06,334.0,69.53,1023.5,1076.6,71.9
47472000,-0.25,5.02,340.1,69.02,1027.5,1082.3,71.7
47473500,-0.25,5.04,330.7,70.88,1029.7,1081.5,72.2
47475000,-0.25,5.00,346.3,68.14,1028.4,1085.2,71.4
47476500,-0.25,5.02,334.8,70.55,1032.8,1085.7,72.0
47478000,-0.25,4.98,339.1,70.74,1040.2,1094.1,71.9
47479500,-0.24,5.03,331.0,71.05,1031.5,1083.4,72.2
47481000,-0.25,5.00,346.2,68.16,1028.5,1085.2,71.4
47482500,-0.25,5.01,336.3,70.44,1033.9,1087.2,72.0
47484000,-0.25,5.01,342.6,68.75,1028.7,1084.2,71.6
47485500,-0.25,4.95,343.9,70.22,1042.5,1097.8,71.7
47487000,-0.25,5.01,336.5,70.39,1033.8,1087.2,72.0
47488500,-0.25,4.94,347.5,69.82,1044.1,1100.4,71.6
47490000,-0.25,4.94,344.0,70.69,1046.6,1101.7,71.8
47491500,-0.25,4.94,347.3,69.85,1044.0,1100.3,71.6
47493000,-0.25,4.93,350.3,69.50,1045.1,1102.2,71.5
47494500,-0.25,4.94,345.8,70.23,1045.1,1100.8,71.7
47496000,-0.25,4.94,348.4,69.66,1043.9,1100.6,71.5
47497500,-0.25,4.91,351.7,69.77,1049.3,1106.7,71.5
47499000,-0.24,4.94,339.6,71.89,1050.3,1103.8,72.1
47500500,-0.25,4.93,347.4,70.05,1045.9,1102.1,71.6
47502000,-0.24,4.92,345.2,70.93,1050.2,1105.5,71.8
47503500,-0.25,4.90,349.2,70.61,1053.0,1109.4,71.7
47505000,-0.24,4.91,343.5,71.66,1053.7,1108.3,71.9
47506500,-0.25,4.92,348.6,70.23,1049.0,1105.3,71.6
47508000,-0.25,4.95,346.1,69.93,1043.1,1099.0,71.6
47509500,-0.25,4.90,352.3,69.92,1051.4,1108.9,71.5
47511000,-0.25,4.90,348.0,70.79,1052.8,1108.8,71.7
47512500,-0.25,4.89,354.5,69.49,1050.6,1108.8,71.4
47514000,-0.25,4.87,355.2,69.95,1055.4,1113.6,71.4
47515500,-0.24,4.90,343.3,72.24,1058.3,1112.6,72.0
47517000,-0.24,4.88,347.1,71.88,1060.6,1116.0,71.9
47518500,-0.24,4.84,353.8,71.27,1064.5,1121.8,71.6
47520000,-0.24,4.85,345.6,73.24,1069.5,1124.0,72.1
47521500,-0.24,4.86,350.3,71.77,1064.0,1120.1,71.8
47523000,-0.25,4.81,360.2,70.87,1069.7,1128.7,71.4
47524500,-0.24,4.89,345.5,72.00,1059.4,1114.3,71.9
47526000,-0.25,4.84,356.7,70.83,1064.8,1122.9,71.5
47527500,-0.24,4.81,359.1,71.17,1070.8,1129.4,71.5
47529000,-0.24,4.81,356.9,71.55,1071.0,1128.9,71.6
47530500,-0.24,4.78,362.2,71.47,1077.5,1136.7,71.4
47532000,-0.24,4.85,353.7,71.27,1064.5,1121.7,71.6
47533500,-0.25,4.81,362.6,70.08,1066.2,1126.2,71.2
47535000,-0.24,4.80,359.2,71.25,1071.6,1130.2,71.5
47536500,-0.24,4.75,367.4,71.19,1081.9,1142.6,71.2
47538000,-0.24,4.79,359.3,71.61,1074.8,1133.3,71.5
47539500,-0.24,4.79,353.6,73.30,1081.1,1137.4,71.9
47541000,-0.25,4.78,368.3,69.83,1071.5,1133.0,71.0
47542500,-0.24,4.76,357.5,73.25,1085.9,1143.3,71.8
47544000,-0.24,4.77,363.9,71.34,1078.6,1138.3,71.4
47545500,-0.24,4.78,363.4,70.95,1074.6,1134.4,71.3
47547000,-0.24,4.78,363.6,71.11,1076.3,1136.0,71.3
47548500,-0.24,4.78,353.8,73.63,1083.9,1140.2,71.9
47550000,-0.24,4.78,353.9,73.59,1083.8,1140.1,71.9
47551500,-0.24,4.71,361.5,73.82,1096.0,1154.1,71.7
47553000,-0.25,4.76,367.8,70.78,1078.9,1139.9,71.2
47554500,-0.24,4.73,367.9,71.54,1085.5,1146.1,71.3
47556000,-0.24,4.70,374.1,71.29,1091.5,1153.8,71.1
47557500,-0.24,4.72,370.8,71.34,1087.6,1149.1,71.2
47559000,-0.24,4.67,377.7,71.25,1095.7,1159.0,71.0
47560500,-0.24,4.68,366.0,73.77,1101.8,1161.0,71.6
47562000,-0.24,4.70,369.4,72.17,1092.8,1153.6,71.3
47563500,-0.24,4.70,369.8,72.16,1093.2,1154.1,71.3
47565000,-0.24,4.71,370.7,71.77,1091.1,1152.4,71.2
47566500,-0.24,4.67,373.4,72.33,1099.4,1161.0,71.2
47568000,-0.24,4.69,375.3,71.24,1092.6,1155.2,71.0
47569500,-0.24,4.71,369.0,72.09,1091.6,1152.3,71.3
47571000,-0.24,4.66,369.8,73.46,1104.2,1164.5,71.5
47572500,-0.24,4.66,379.8,71.08,1097.0,1160.8,70.9
47574000,-0.24,4.63,378.1,72.64,1108.2,1170.9,71.2
47575500,-0.24,4.67,376.7,71.66,1098.1,1160.9,71.1
47577000,-0.23,4.65,369.8,74.09,1109.5,1169.5,71.6
47578500,-0.24,4.64,377.2,72.33,1104.3,1167.0,71.1
47580000,-0.23,4.62,372.1,74.47,1115.7,1176.1,71.6
47581500,-0.24,4.61,377.5,73.47,1114.4,1176.6,71.3
47583000,-0.23,4.64,371.7,74.01,1111.3,1171.8,71.5
47584500,-0.24,4.59,385.5,72.31,1114.9,1179.7,70.9
47586000,-0.24,4.62,380.6,72.46,1109.8,1173.3,71.1
47587500,-0.24,4.60,380.1,73.38,1117.0,1179.9,71.2
47589000,-0.24,4.62,377.3,73.25,1112.3,1174.6,71.3
47590500,-0.23,4.60,371.4,75.35,1122.1,1181.9,71.7
47592000,-0.23,4.57,376.7,75.20,1128.0,1189.2,71.5
47593500,-0.24,4.60,387.2,71.44,1109.5,1175.2,70.8
47595000,-0.24,4.61,377.8,73.54,1115.5,1177.7,71.3
47596500,-0.24,4.60,381.0,72.85,1113.7,1177.1,71.1
47598000,-0.24,4.59,381.4,73.40,1118.9,1182.1,71.2
47599500,-0.24,4.55,390.5,72.50,1122.8,1188.8,70.8
47601000,-0.23,4.57,381.9,74.03,1125.0,1188.0,71.2
47602500,-0.24,4.59,383.7,72.75,1116.3,1180.4,71.0
47604000,-0.23,4.60,373.9,74.60,1119.2,1180.0,71.5
47605500,-0.23,4.51,386.1,75.08,1139.3,1202.9,71.3
47607000,-0.24,4.52,400.4,71.13,1123.2,1192.5,70.4
47608500,-0.23,4.54,384.8,74.28,1130.9,1194.6,71.2
47610000,-0.24,4.54,392.0,72.46,1124.3,1190.7,70.8
47611500,-0.23,4.55,383.0,74.31,1128.7,1191.9,71.3
47613000,-0.23,4.55,384.5,74.06,1128.7,1192.4,71.2
47614500,-0.23,4.53,387.6,74.01,1132.2,1196.7,71.1
47616000,-0.24,4.50,393.2,73.58,1135.7,1201.8,70.9
47617500,-0.23,4.48,383.4,76.77,1149.9,1212.1,71.6
47619000,-0.23,4.47,393.5,74.66,1145.3,1211.0,71.0
47620500,-0.24,4.51,394.6,73.20,1134.1,1200.8,70.8
47622000,-0.24,4.49,397.1,73.26,1137.9,1205.2,70.8
47623500,-0.23,4.45,399.0,74.38,1149.9,1217.1,70.9
47625000,-0.24,4.48,402.2,72.43,1136.9,1205.9,70.5
47626500,-0.24,4.50,395.7,73.09,1134.6,1201.7,70.8
47628000,-0.24,4.45,403.8,73.24,1146.1,1215.1,70.6
47629500,-0.23,4.46,397.3,74.32,1147.3,1214.2,70.9
47631000,-0.24,4.42,404.9,73.83,1152.7,1221.7,70.6
47632500,-0.24,4.44,405.0,73.11,1146.4,1215.8,70.5
47634000,-0.24,4.45,405.8,72.78,1144.4,1214.3,70.5
47635500,-0.23,4.47,393.5,74.66,1145.3,1211.1,71.0
47637000,-0.24,4.42,411.4,72.47,1148.7,1220.1,70.3
47638500,-0.24,4.41,408.1,73.51,1153.7,1223.8,70.5
47640000,-0.23,4.34,412.1,75.40,1175.4,1245.6,70.7
47641500,-0.23,4.41,406.1,74.12,1156.6,1225.8,70.7
47643000,-0.23,4.39,408.0,74.37,1161.2,1230.8,70.6
47644500,-0.23,4.42,402.0,74.47,1154.5,1222.5,70.8
47646000,-0.23,4.38,409.4,74.42,1163.4,1233.3,70.6
47647500,-0.23,4.39,403.9,75.17,1163.1,1231.2,70.8
47649000,-0.23,4.36,407.5,75.75,1172.6,1241.4,70.8
47650500,-0.24,4.41,407.1,73.68,1154.1,1223.8,70.6
47652000,-0.24,4.38,412.5,73.78,1161.6,1232.7,70.4
47653500,-0.23,4.39,405.4,75.10,1164.3,1232.8,70.8
47655000,-0.23,4.37,403.9,76.06,1170.8,1238.5,71.0
47656500,-0.24,4.36,415.2,73.91,1166.1,1237.9,70.4
47658000,-0.23,4.36,413.0,74.45,1168.2,1239.0,70.5
47659500,-0.23,4.33,409.4,76.47,1181.3,1250.3,70.9
47661000,-0.23,4.36,406.7,75.85,1172.5,1241.1,70.9
47662500,-0.23,4.33,415.6,74.96,1175.8,1247.1,70.5
47664000,-0.23,4.32,413.5,75.86,1181.2,1251.5,70.7
47665500,-0.23,4.34,416.1,74.32,1170.8,1242.6,70.4
47667000,-0.23,4.33,413.5,75.62,1179.1,1249.5,70.7
47668500,-0.23,4.30,418.7,75.28,1182.5,1254.4,70.5
47670000,-0.23,4.31,415.9,75.58,1181.7,1252.7,70.6
47671500,-0.23,4.33,412.3,75.90,1180.0,1250.0,70.7
47673000,-0.24,4.28,431.9,73.32,1180.9,1257.4,69.9
47674500,-0.23,4.26,429.2,74.67,1189.9,1264.9,70.2
47676000,-0.23,4.29,414.8,76.62,1189.5,1259.7,70.8
47677500,-0.23,4.30,419.6,75.21,1183.0,1255.2,70.5
47679000,-0.24,4.25,439.4,72.96,1186.5,1265.2,69.7
47680500,-0.23,4.29,415.8,76.44,1189.1,1259.7,70.7
47682000,-0.23,4.25,430.7,74.63,1191.5,1266.9,70.1
47683500,-0.23,4.30,415.7,76.20,1187.0,1257.7,70.7
47685000,-0.23,4.27,429.0,74.31,1186.5,1261.7,70.1
47686500,-0.23,4.25,424.6,76.22,1198.2,1271.2,70.5
47688000,-0.23,4.30,414.6,76.48,1188.0,1258.2,70.8
47689500,-0.24,4.26,433.2,73.74,1186.3,1262.9,69.9
47691000,-0.24,4.25,434.4,73.90,1189.2,1266.0,69.9
47692500,-0.23,4.27,419.4,76.67,1195.7,1267.1,70.7
47694000,-0.23,4.22,437.1,74.56,1198.5,1275.7,70.0
47695500,-0.23,4.23,424.0,76.99,1204.2,1276.7,70.6
47697000,-0.23,4.25,427.3,75.59,1195.9,1270.0,70.3
47698500,-0.23,4.23,430.6,75.50,1199.1,1274.1,70.2
47700000,-0.23,4.19,438.9,75.39,1208.2,1285.4,70.0
47701500,-0.23,4.15,451.5,74.07,1210.8,1292.3,69.5
47703000,-0.23,4.21,440.3,74.06,1197.6,1276.0,69.8
47704500,-0.23,4.17,437.6,76.55,1217.0,1293.3,70.2
47706000,-0.23,4.23,429.1,75.81,1200.1,1274.5,70.3
47707500,-0.23,4.20,437.7,75.24,1205.3,1282.4,70.0
47709000,-0.22,4.14,429.6,79.37,1232.1,1304.9,70.8
47710500,-0.22,4.17,430.5,78.19,1223.0,1296.5,70.6
47712000,-0.23,4.15,442.8,76.31,1221.2,1299.0,70.1
47713500,-0.23,4.13,445.6,76.16,1223.1,1301.8,70.0
47715000,-0.22,4.15,436.9,77.37,1223.6,1299.3,70.3
47716500,-0.23,4.13,448.5,75.65,1222.0,1301.7,69.8
47718000,-0.22,4.14,440.5,77.24,1226.8,1303.5,70.2
47719500,-0.24,4.15,453.6,73.75,1210.2,1292.4,69.5
47721000,-0.23,4.13,444.9,76.46,1225.0,1303.3,70.0
47722500,-0.23,4.13,444.1,76.82,1227.4,1305.2,70.1
47724000,-0.23,4.11,451.8,75.98,1228.8,1309.2,69.8
47725500,-0.23,4.16,446.3,75.13,1214.5,1293.9,69.8
47727000,-0.23,4.12,454.1,74.73,1219.9,1301.7,69.6
47728500,-0.23,4.11,449.6,76.47,1230.7,1310.3,69.9
47730000,-0.23,4.11,455.3,75.12,1225.0,1306.9,69.6
47731500,-0.23,4.10,453.9,75.90,1230.7,1311.7,69.8
47733000,-0.23,4.15,444.6,75.82,1218.9,1297.4,70.0
47734500,-0.22,4.12,441.6,77.79,1233.0,1309.7,70.3
47736000,-0.22,4.02,461.1,77.71,1255.6,1337.6,69.8
47737500,-0.23,4.08,452.6,77.12,1240.2,1320.2,70.0
47739000,-0.23,4.05,460.2,76.36,1242.2,1324.7,69.7
47740500,-0.23,4.02,463.5,77.15,1253.3,1336.3,69.7
47742000,-0.24,4.06,471.3,73.69,1229.7,1317.0,69.0
47743500,-0.23,4.04,461.1,76.97,1248.9,1331.3,69.7
47745000,-0.22,4.00,466.9,77.22,1258.0,1341.9,69.6
47746500,-0.22,4.04,454.8,78.13,1252.0,1332.0,70.0
47748000,-0.22,3.98,470.8,77.29,1263.2,1348.0,69.6
47749500,-0.23,4.02,469.5,75.69,1246.7,1332.2,69.4
47751000,-0.23,4.01,466.1,77.18,1256.6,1340.3,69.7
47752500,-0.22,4.02,453.8,79.38,1262.1,1341.2,70.2
47754000,-0.23,4.03,461.8,76.90,1249.1,1331.7,69.7
47755500,-0.22,4.03,452.3,79.18,1258.5,1337.3,70.2
47757000,-0.23,4.01,466.5,76.96,1255.1,1339.0,69.6
47758500,-0.23,4.01,473.0,75.67,1250.5,1337.0,69.3
47760000,-0.23,4.00,470.4,76.44,1254.8,1340.1,69.4
47761500,-0.23,3.99,474.0,76.44,1258.8,1345.1,69.4
47763000,-0.23,4.00,470.6,76.63,1256.7,1341.9,69.5
47764500,-0.23,4.00,468.5,77.17,1259.3,1343.7,69.6
47766000,-0.22,4.00,466.1,77.68,1261.2,1344.6,69.7
47767500,-0.23,3.97,477.4,76.23,1260.8,1348.1,69.3
47769000,-0.22,3.94,475.8,78.05,1276.0,1361.8,69.6
47770500,-0.22,3.94,475.2,78.14,1276.1,1361.7,69.6
47772000,-0.22,3.96,470.2,78.60,1274.7,1358.6,69.8
47773500,-0.23,3.97,474.5,77.20,1266.6,1352.6,69.5
47775000,-0.22,3.94,473.9,78.43,1277.3,1362.4,69.6
47776500,-0.23,3.94,481.3,76.85,1271.0,1359.0,69.3
47778000,-0.22,3.96,462.8,80.03,1278.9,1360.1,70.1
47779500,-0.23,3.93,482.1,77.11,1274.5,1362.6,69.3
47781000,-0.23,3.91,489.8,76.59,1278.1,1368.7,69.0
47782500,-0.23,3.89,492.3,77.08,1285.7,1376.7,69.0
47784000,-0.22,3.91,471.6,80.30,1291.9,1375.3,69.9
47785500,-0.23,3.93,482.7,77.01,1274.2,1362.5,69.3
47787000,-0.22,3.94,471.5,79.14,1281.1,1365.1,69.8
47788500,-0.22,3.87,492.0,77.93,1293.4,1383.8,69.2
47790000,-0.22,3.90,480.5,78.79,1288.3,1375.0,69.5
47791500,-0.22,3.88,493.2,77.30,1288.7,1379.9,69.1
47793000,-0.22,3.94,468.2,79.94,1284.5,1367.1,70.0
47794500,-0.23,3.86,499.9,76.51,1288.5,1382.1,68.8
47796000,-0.23,3.90,488.6,77.06,1281.2,1371.2,69.1
47797500,-0.22,3.85,498.9,77.39,1296.0,1388.7,68.9
47799000,-0.22,3.87,482.2,79.99,1301.4,1387.9,69.7
47800500,-0.22,3.83,501.2,77.90,1303.4,1396.4,69.0
47802000,-0.22,3.87,481.2,80.30,1303.1,1389.1,69.7
47803500,-0.22,3.87,486.7,79.16,1299.0,1387.2,69.5
47805000,-0.22,3.85,499.9,77.37,1296.8,1389.8,68.9
47806500,-0.22,3.81,497.7,79.51,1314.8,1405.9,69.3
47808000,-0.22,3.83,494.6,79.46,1310.8,1401.0,69.3
47809500,-0.22,3.76,516.2,77.91,1319.9,1417.3,68.6
47811000,-0.22,3.83,496.0,78.93,1307.4,1398.3,69.2
47812500,-0.23,3.81,509.4,77.15,1305.1,1401.0,68.7
47814000,-0.21,3.77,497.6,81.52,1333.5,1423.4,69.5
47815500,-0.22,3.76,507.0,79.84,1328.5,1421.9,69.1
47817000,-0.22,3.81,503.1,78.31,1309.4,1402.7,69.0
47818500,-0.22,3.76,511.5,79.28,1328.0,1423.2,68.9
47820000,-0.22,3.79,512.8,77.35,1310.7,1407.5,68.6
47821500,-0.22,3.78,501.2,80.19,1325.2,1416.8,69.3
47823000,-0.22,3.78,502.8,80.17,1326.8,1418.9,69.2
47824500,-0.22,3.78,502.2,80.04,1325.0,1417.0,69.2
47826000,-0.22,3.81,503.5,78.37,1310.4,1403.8,69.0
47827500,-0.22,3.74,511.6,79.86,1333.8,1428.6,69.0
47829000,-0.22,3.78,500.8,80.13,1324.3,1415.8,69.3
47830500,-0.22,3.73,514.8,80.04,1339.1,1434.7,69.0
47832000,-0.22,3.73,521.7,78.49,1331.5,1430.1,68.6
47833500,-0.22,3.72,518.8,79.53,1338.5,1435.5,68.8
47835000,-0.22,3.73,514.0,80.30,1340.7,1435.8,69.0
47836500,-0.22,3.73,512.4,80.19,1337.7,1432.5,69.0
47838000,-0.22,3.68,529.4,79.47,1349.5,1449.6,68.6
47839500,-0.22,3.73,513.6,80.39,1341.0,1436.0,69.0
47841000,-0.22,3.68,534.6,78.45,1345.0,1447.3,68.3
47842500,-0.22,3.74,517.2,78.97,1331.3,1428.2,68.8
47844000,-0.22,3.73,517.3,79.35,1335.2,1431.9,68.8
47845500,-0.22,3.71,525.0,78.73,1337.4,1436.8,68.6
47847000,-0.22,3.70,528.5,78.78,1341.8,1442.1,68.5
47848500,-0.22,3.72,528.0,77.54,1328.9,1430.0,68.3
47850000,-0.22,3.66,537.8,78.66,1350.5,1453.6,68.3
47851500,-0.21,3.67,521.9,81.22,1358.3,1455.1,69.0
47853000,-0.22,3.68,533.3,78.65,1345.6,1447.5,68.4
47854500,-0.22,3.68,528.5,79.84,1352.1,1451.8,68.7
47856000,-0.21,3.60,536.8,81.90,1381.3,1481.9,68.8
47857500,-0.21,3.62,531.3,81.99,1376.1,1475.2,68.9
47859000,-0.21,3.64,526.6,82.03,1371.3,1468.9,69.0
47860500,-0.23,3.63,554.9,76.94,1350.8,1460.3,67.7
47862000,-0.21,3.60,538.7,81.70,1381.4,1482.7,68.7
47863500,-0.22,3.63,549.6,77.88,1354.9,1462.2,67.9
47865000,-0.21,3.61,538.8,81.10,1375.6,1477.4,68.6
47866500,-0.22,3.63,543.5,79.18,1361.7,1466.1,68.2
47868000,-0.22,3.65,537.4,79.10,1354.4,1457.1,68.4
47869500,-0.21,3.61,535.9,81.75,1378.8,1479.3,68.8
47871000,-0.22,3.58,549.5,80.61,1382.3,1487.5,68.3
47872500,-0.21,3.57,548.5,81.56,1390.5,1494.8,68.5
47874000,-0.22,3.61,549.2,79.25,1368.4,1474.5,68.1
47875500,-0.22,3.60,545.7,80.50,1377.2,1481.4,68.4
47877000,-0.21,3.59,536.0,82.57,1386.8,1486.8,68.9
47878500,-0.22,3.60,550.0,79.24,1369.2,1475.5,68.1
47880000,-0.23,3.60,562.4,77.06,1359.7,1471.4,67.5
47881500,-0.22,3.54,562.8,79.79,1387.9,1497.7,67.9
47883000,-0.22,3.58,552.4,80.21,1381.4,1487.7,68.2
47884500,-0.22,3.57,553.7,80.16,1382.2,1489.0,68.2
47886000,-0.22,3.57,556.3,79.57,1379.0,1487.0,68.0
47887500,-0.21,3.59,538.4,82.53,1389.1,1489.8,68.8
47889000,-0.22,3.53,566.6,79.58,1389.7,1500.8,67.8
47890500,-0.22,3.53,562.7,80.79,1398.0,1507.0,68.1
47892000,-0.22,3.55,557.4,80.69,1391.4,1498.9,68.2
47893500,-0.21,3.52,558.2,82.04,1405.7,1512.5,68.3
47895000,-0.22,3.49,573.4,80.53,1406.4,1518.8,67.8
47896500,-0.21,3.51,561.4,81.97,1408.4,1516.2,68.3
47898000,-0.22,3.49,584.8,78.29,1394.7,1512.3,67.3
47899500,-0.21,3.47,564.5,83.39,1425.8,1533.5,68.4
47901000,-0.22,3.51,583.5,77.67,1386.9,1504.6,67.2
47902500,-0.22,3.49,578.2,79.96,1405.4,1519.7,67.6
47904000,-0.21,3.50,565.1,81.61,1408.7,1517.8,68.1
47905500,-0.21,3.49,560.0,83.51,1422.2,1528.5,68.5
47907000,-0.22,3.47,582.6,80.23,1412.7,1528.1,67.6
47908500,-0.21,3.48,570.5,81.88,1417.1,1527.6,68.1
47910000,-0.22,3.45,591.4,79.65,1415.4,1533.9,67.3
47911500,-0.21,3.50,565.3,81.96,1412.5,1521.4,68.2
47913000,-0.22,3.44,593.2,79.76,1418.3,1537.4,67.3
47914500,-0.21,3.45,575.6,82.63,1429.9,1541.4,68.1
47916000,-0.22,3.46,583.4,80.66,1417.9,1533.2,67.6
47917500,-0.22,3.43,591.0,80.56,1424.5,1542.2,67.5
47919000,-0.21,3.43,579.6,83.11,1438.9,1551.2,68.1
47920500,-0.21,3.44,580.9,82.12,1430.2,1543.6,67.9
47922000,-0.21,3.41,584.9,82.74,1440.7,1554.9,67.9
47923500,-0.22,3.43,596.0,79.64,1419.9,1539.9,67.2
47925000,-0.22,3.41,606.0,79.10,1423.9,1547.5,66.9
47926500,-0.22,3.38,610.8,79.81,1436.0,1560.5,67.0
47928000,-0.21,3.39,598.3,81.68,1443.4,1562.5,67.5
47929500,-0.22,3.39,607.1,79.61,1430.3,1553.8,67.0
47931000,-0.21,3.38,590.7,83.40,1453.3,1568.8,67.9
47932500,-0.21,3.41,595.5,80.91,1432.7,1551.5,67.4
47934000,-0.21,3.39,592.0,82.68,1447.4,1563.8,67.8
47935500,-0.21,3.41,588.2,82.28,1439.4,1554.9,67.8
47937000,-0.21,3.35,609.4,81.83,1455.9,1578.3,67.3
47938500,-0.21,3.34,615.0,81.11,1453.9,1578.7,67.1
47940000,-0.21,3.37,604.9,81.67,1449.8,1570.9,67.4
47941500,-0.22,3.34,616.1,80.74,1451.1,1576.4,67.0
47943000,-0.21,3.37,604.2,81.25,1444.8,1566.1,67.3
47944500,-0.21,3.32,618.4,81.54,1461.7,1587.1,67.1
47946000,-0.21,3.33,619.9,80.94,1456.8,1583.2,66.9
47947500,-0.21,3.32,615.3,82.38,1467.6,1591.4,67.3
47949000,-0.21,3.34,617.2,80.81,1452.8,1578.5,67.0
47950500,-0.20,3.32,599.6,85.52,1484.0,1600.6,68.0
47952000,-0.21,3.33,613.8,82.06,1462.7,1586.3,67.2
47953500,-0.21,3.30,627.1,81.48,1469.5,1597.7,66.9
47955000,-0.21,3.30,623.9,82.04,1472.4,1599.2,67.0
47956500,-0.21,3.25,633.8,83.31,1495.4,1624.2,67.0
47958000,-0.21,3.32,607.9,83.93,1476.3,1596.5,67.6
47959500,-0.21,3.27,635.2,81.93,1482.1,1612.5,66.8
47961000,-0.21,3.29,629.3,81.64,1473.3,1602.1,66.9
47962500,-0.21,3.29,627.8,81.78,1473.4,1601.5,66.9
47964000,-0.21,3.29,628.4,81.55,1471.5,1600.1,66.9
47965500,-0.21,3.27,630.4,82.74,1486.2,1614.4,67.0
47967000,-0.21,3.27,635.6,81.74,1480.4,1611.1,66.8
47968500,-0.21,3.25,636.2,82.71,1491.3,1621.4,66.9
47970000,-0.20,3.24,624.6,85.35,1507.7,1632.0,67.5
47971500,-0.20,3.22,635.5,84.84,1513.2,1641.2,67.2
47973000,-0.21,3.24,630.0,84.32,1502.4,1629.1,67.2
47974500,-0.21,3.19,659.8,82.40,1510.3,1648.1,66.4
47976000,-0.21,3.22,645.2,82.94,1502.4,1635.1,66.8
47977500,-0.20,3.21,634.4,85.79,1522.1,1649.0,67.4
47979000,-0.21,3.20,649.4,83.35,1510.8,1644.5,66.7
47980500,-0.21,3.21,647.7,83.26,1508.2,1641.3,66.8
47982000,-0.21,3.17,660.2,83.44,1521.9,1658.9,66.5
47983500,-0.21,3.22,642.3,83.28,1503.2,1634.7,66.9
47985000,-0.20,3.16,647.5,86.48,1542.2,1672.6,67.2
47986500,-0.21,3.23,644.2,82.27,1494.3,1627.2,66.7
47988000,-0.21,3.19,661.6,81.82,1505.5,1644.5,66.3
47989500,-0.21,3.19,647.2,84.66,1522.7,1654.5,67.0
47991000,-0.21,3.18,652.3,84.38,1524.6,1658.3,66.8
47992500,-0.20,3.20,640.5,84.93,1519.1,1648.6,67.1
47994000,-0.20,3.13,665.3,85.12,1544.9,1682.1,66.7
47995500,-0.20,3.14,659.6,85.09,1539.2,1674.6,66.8
47997000,-0.20,3.14,649.4,87.03,1549.8,1680.3,67.3
47998500,-0.21,3.15,676.0,81.93,1519.9,1663.5,66.0
48000000,-0.20,3.15,657.6,85.19,1538.4,1673.0,66.9
48001500,-0.21,3.17,660.0,83.32,1520.4,1657.4,66.5
48003000,-0.20,3.12,656.7,87.19,1558.8,1691.5,67.2
48004500,-0.21,3.10,685.9,83.44,1545.6,1691.0,66.1
48006000,-0.21,3.11,676.2,84.41,1547.4,1688.7,66.4
48007500,-0.21,3.16,661.4,83.83,1527.4,1664.4,66.6
48009000,-0.21,3.11,677.8,84.15,1546.1,1688.2,66.3
48010500,-0.20,3.07,678.1,86.36,1570.4,1710.6,66.6
48012000,-0.20,3.09,671.6,86.28,1563.4,1701.6,66.8
48013500,-0.21,3.07,693.1,83.64,1554.4,1702.0,66.0
48015000,-0.21,3.13,669.6,84.08,1537.7,1677.1,66.5
48016500,-0.20,3.10,675.6,85.39,1557.6,1697.8,66.6
48018000,-0.21,3.05,700.6,83.95,1564.6,1714.3,65.9
48019500,-0.20,3.08,673.5,87.05,1573.4,1711.5,66.8
48021000,-0.20,3.08,679.8,85.73,1565.1,1706.3,66.5
48022500,-0.21,3.05,697.8,84.70,1570.3,1718.4,66.0
48024000,-0.20,3.05,688.2,86.20,1578.1,1721.6,66.4
48025500,-0.20,3.02,695.3,86.90,1592.3,1737.5,66.4
48027000,-0.21,3.05,696.5,84.40,1565.9,1713.8,66.0
48028500,-0.20,3.00,713.6,85.03,1588.2,1741.2,65.8
48030000,-0.20,3.06,686.8,86.04,1575.1,1718.3,66.4
48031500,-0.20,3.03,699.5,85.69,1582.9,1730.5,66.2
48033000,-0.21,2.98,731.5,83.05,1581.3,1742.3,65.2
48034500,-0.20,3.01,699.4,86.87,1595.8,1742.4,66.3
48036000,-0.20,2.97,721.8,86.06,1607.1,1761.8,65.8
48037500,-0.20,3.00,697.2,87.93,1605.4,1750.2,66.5
48039000,-0.20,2.99,711.2,86.15,1598.6,1749.7,66.0
48040500,-0.20,2.99,715.9,85.21,1592.4,1745.9,65.8
48042000,-0.20,2.99,717.6,84.90,1590.3,1744.8,65.7
48043500,-0.20,2.98,712.0,86.71,1605.5,1756.3,66.1
48045000,-0.20,2.98,716.3,86.33,1605.2,1757.8,66.0
48046500,-0.20,2.96,723.3,86.25,1610.5,1765.5,65.8
48048000,-0.20,2.94,732.2,86.06,1616.4,1774.5,65.6
48049500,-0.20,2.94,727.2,86.86,1620.9,1776.5,65.8
48051000,-0.21,2.93,746.1,84.15,1606.4,1771.3,65.1
48052500,-0.21,2.97,732.9,84.04,1593.9,1754.4,65.3
48054000,-0.20,2.92,736.6,87.03,1631.2,1789.8,65.7
48055500,-0.20,2.95,728.7,85.71,1609.3,1766.6,65.6
48057000,-0.20,2.92,746.6,85.39,1621.2,1784.9,65.3
48058500,-0.21,2.91,755.7,84.06,1613.5,1781.7,64.9
48060000,-0.20,2.92,732.1,87.41,1631.4,1788.1,65.8
48061500,-0.20,2.91,747.1,85.79,1626.2,1789.6,65.3
48063000,-0.20,2.90,745.5,86.94,1638.0,1799.7,65.5
48064500,-0.20,2.85,769.7,86.14,1649.4,1820.2,65.0
48066000,-0.20,2.89,741.4,88.50,1652.0,1810.8,65.8
48067500,-0.20,2.93,730.5,86.93,1624.6,1781.3,65.8
48069000,-0.20,2.87,747.9,88.92,1662.4,1822.9,65.8
48070500,-0.21,2.90,757.3,84.74,1622.7,1790.7,65.0
48072000,-0.20,2.82,778.9,86.94,1666.5,1839.5,64.9
48073500,-0.20,2.88,756.7,85.96,1636.4,1802.9,65.2
48075000,-0.20,2.86,753.9,88.51,1663.1,1826.0,65.6
48076500,-0.20,2.89,751.6,86.80,1641.7,1805.6,65.4
48078000,-0.20,2.86,751.4,88.57,1661.6,1823.5,65.7
48079500,-0.20,2.84,769.4,87.44,1664.2,1833.5,65.2
48081000,-0.20,2.84,778.9,85.23,1646.3,1821.3,64.7
48082500,-0.20,2.85,761.6,87.40,1657.2,1823.8,65.3
48084000,-0.20,2.88,747.4,88.25,1654.4,1815.4,65.7
48085500,-0.20,2.86,754.8,87.79,1655.7,1819.7,65.5
48087000,-0.20,2.80,778.1,88.49,1683.8,1854.9,65.2
48088500,-0.20,2.81,777.8,88.27,1681.0,1852.2,65.2
48090000,-0.20,2.80,781.3,88.04,1681.3,1853.9,65.1
48091500,-0.20,2.81,787.8,85.96,1662.3,1839.5,64.6
48093000,-0.20,2.83,776.2,87.09,1665.9,1837.9,65.0
48094500,-0.19,2.75,784.8,91.80,1727.6,1897.5,65.6
48096000,-0.20,2.83,763.7,88.73,1674.2,1840.2,65.5
48097500,-0.20,2.78,791.8,87.95,1689.1,1865.4,64.9
48099000,-0.20,2.81,774.9,88.43,1680.3,1850.4,65.2
48100500,-0.19,2.80,763.7,91.39,1704.2,1867.4,65.9
48102000,-0.20,2.79,798.6,86.34,1675.6,1856.1,64.5
48103500,-0.19,2.70,815.7,90.39,1737.5,1919.5,64.9
48105000,-0.19,2.74,799.9,89.97,1719.4,1896.3,65.1
48106500,-0.19,2.68,827.3,89.90,1741.4,1927.9,64.6
48108000,-0.20,2.79,788.8,88.11,1688.4,1863.6,65.0
48109500,-0.20,2.78,787.6,88.71,1694.5,1868.6,65.1
48111000,-0.20,2.77,805.8,86.11,1678.7,1862.0,64.4
48112500,-0.19,2.73,800.6,90.93,1731.1,1907.3,65.2
48114000,-0.19,2.72,811.4,89.71,1726.0,1907.2,64.8
48115500,-0.19,2.72,810.7,90.10,1730.0,1910.6,64.9
48117000,-0.20,2.68,837.2,88.21,1729.0,1921.1,64.2
48118500,-0.19,2.71,810.8,90.21,1731.4,1911.8,64.9
48120000,-0.20,2.67,850.3,87.59,1731.7,1929.2,63.8
48121500,-0.20,2.71,819.4,88.68,1720.4,1905.6,64.5
48123000,-0.19,2.67,834.5,89.88,1746.9,1936.0,64.5
48124500,-0.20,2.67,855.7,86.72,1725.1,1925.7,63.6
48126000,-0.19,2.64,844.7,90.71,1765.1,1956.8,64.4
48127500,-0.20,2.69,841.7,87.12,1719.2,1914.2,63.9
48129000,-0.19,2.66,838.5,90.32,1755.4,1945.3,64.5
48130500,-0.20,2.65,852.1,88.39,1742.9,1940.0,63.9
48132000,-0.19,2.61,850.8,92.22,1788.0,1980.1,64.6
48133500,-0.20,2.65,858.5,87.99,1743.0,1943.0,63.8
48135000,-0.19,2.64,837.4,91.65,1770.3,1958.4,64.7
48136500,-0.20,2.63,860.3,88.92,1755.8,1955.2,63.9
48138000,-0.19,2.61,865.4,89.75,1769.9,1970.1,63.9
48139500,-0.19,2.59,866.6,91.94,1797.5,1995.5,64.3
48141000,-0.19,2.59,867.4,91.64,1794.5,1993.2,64.2
48142500,-0.20,2.62,868.6,88.96,1762.6,1965.0,63.8
48144000,-0.19,2.57,883.6,90.45,1792.6,1998.6,63.8
48145500,-0.19,2.59,874.1,90.24,1782.7,1985.5,63.9
48147000,-0.19,2.60,872.5,90.07,1779.3,1981.7,63.9
48148500,-0.19,2.55,896.6,90.55,1803.7,2014.2,63.6
48150000,-0.20,2.60,877.3,88.94,1769.0,1974.6,63.6
48151500,-0.19,2.54,889.7,92.49,1822.3,2027.9,64.0
48153000,-0.19,2.56,871.2,93.25,1816.8,2014.9,64.4
48154500,-0.19,2.56,895.5,89.69,1792.2,2003.5,63.4
48156000,-0.19,2.54,884.0,93.28,1827.5,2030.1,64.2
48157500,-0.19,2.55,901.2,89.34,1792.1,2005.9,63.3
48159000,-0.19,2.57,877.2,91.79,1804.1,2006.0,64.1
48160500,-0.20,2.55,906.2,88.72,1787.9,2004.4,63.1
48162000,-0.19,2.54,901.0,90.36,1804.7,2017.1,63.5
48163500,-0.19,2.57,871.0,92.39,1806.4,2005.4,64.3
48165000,-0.19,2.50,926.8,90.03,1819.7,2042.1,63.0
48166500,-0.19,2.52,915.6,89.76,1808.1,2026.7,63.1
48168000,-0.19,2.50,928.4,89.35,1812.2,2036.1,62.9
48169500,-0.19,2.48,919.8,93.47,1857.6,2072.8,63.7
48171000,-0.19,2.48,941.3,89.11,1818.3,2047.5,62.6
48172500,-0.19,2.47,922.4,93.59,1861.0,2077.1,63.6
48174000,-0.20,2.46,959.4,88.87,1827.7,2064.2,62.3
48175500,-0.18,2.47,921.3,94.33,1869.4,2084.1,63.8
48177000,-0.19,2.49,925.3,91.13,1832.4,2052.7,63.2
48178500,-0.19,2.48,935.7,90.19,1828.0,2053.6,62.9
48180000,-0.19,2.48,913.1,93.90,1857.8,2070.1,63.8
48181500,-0.19,2.50,915.7,92.08,1837.2,2052.7,63.5
48183000,-0.19,2.48,940.0,90.18,1831.0,2058.2,62.8
48184500,-0.19,2.46,933.3,93.26,1865.2,2085.7,63.4
48186000,-0.19,2.43,960.7,91.43,1862.0,2095.2,62.7
48187500,-0.19,2.46,955.4,89.48,1832.9,2067.0,62.5
48189000,-0.19,2.44,958.8,90.56,1849.3,2083.1,62.6
48190500,-0.19,2.44,949.3,91.79,1858.5,2086.9,62.9
48192000,-0.19,2.40,974.9,91.95,1878.7,2116.5,62.6
48193500,-0.19,2.46,935.3,92.89,1862.0,2083.7,63.3
48195000,-0.19,2.41,977.6,90.53,1862.2,2103.2,62.3
48196500,-0.19,2.39,982.7,92.35,1889.5,2129.8,62.5
48198000,-0.19,2.36,1010.2,90.27,1880.8,2134.9,61.8
48199500,-0.19,2.36,1009.9,90.68,1886.0,2139.3,61.8
48201000,-0.19,2.43,963.1,91.30,1862.0,2096.3,62.7
48202500,-0.19,2.37,998.5,91.39,1887.7,2135.5,62.1
48204000,-0.18,2.36,988.6,94.24,1918.1,2157.9,62.7
48205500,-0.19,2.39,980.4,92.17,1885.5,2125.2,62.5
48207000,-0.18,2.35,984.9,95.84,1935.8,2172.0,63.0
48208500,-0.19,2.35,1008.6,92.45,1908.6,2158.7,62.1
48210000,-0.18,2.35,991.8,94.49,1923.6,2164.2,62.7
48211500,-0.19,2.36,1016.5,90.15,1883.3,2140.1,61.6
48213000,-0.18,2.36,983.8,95.45,1930.1,2166.4,63.0
48214500,-0.19,2.32,1032.8,91.71,1915.0,2175.8,61.7
48216000,-0.19,2.31,1031.0,93.10,1932.4,2190.3,61.9
48217500,-0.19,2.34,1013.1,92.20,1908.4,2160.7,62.0
48219000,-0.19,2.33,1017.1,92.44,1914.3,2167.7,62.0
48220500,-0.19,2.33,1012.4,93.85,1929.6,2179.1,62.3
48222000,-0.18,2.30,1007.8,97.46,1973.1,2215.6,62.9
48223500,-0.19,2.29,1052.1,92.23,1934.7,2202.2,61.5
48225000,-0.19,2.34,1008.4,93.29,1919.6,2168.4,62.3
48226500,-0.18,2.32,1006.7,95.30,1944.6,2189.7,62.6
48228000,-0.19,2.28,1047.3,93.08,1943.0,2207.3,61.7
48229500,-0.19,2.28,1047.5,93.14,1944.0,2208.2,61.7
48231000,-0.19,2.29,1058.5,90.40,1913.7,2186.9,61.1
48232500,-0.19,2.27,1063.7,92.28,1942.9,2215.0,61.3
48234000,-0.18,2.25,1051.2,96.04,1985.1,2246.3,62.1
48235500,-0.18,2.25,1063.2,95.13,1981.1,2248.4,61.8
48237000,-0.18,2.25,1069.6,93.99,1969.9,2241.6,61.5
48238500,-0.19,2.26,1066.4,93.25,1957.8,2229.4,61.4
48240000,-0.19,2.25,1073.3,92.70,1954.7,2229.9,61.2
48241500,-0.18,2.21,1083.2,96.68,2015.2,2287.9,61.7
48243000,-0.19,2.23,1085.5,92.94,1965.7,2245.5,61.1
48244500,-0.18,2.21,1095.1,94.04,1987.0,2268.8,61.1
48246000,-0.18,2.19,1115.8,93.91,1998.1,2288.5,60.8
48247500,-0.18,2.24,1072.8,93.99,1972.0,2245.0,61.5
48249000,-0.19,2.20,1127.5,90.60,1958.1,2259.5,60.1
48250500,-0.18,2.19,1096.7,95.95,2014.2,2293.4,61.4
48252000,-0.18,2.20,1099.3,94.23,1992.2,2275.3,61.1
48253500,-0.18,2.19,1107.2,94.35,1998.8,2285.0,61.0
48255000,-0.19,2.19,1124.6,91.53,1969.9,2268.3,60.3
48256500,-0.19,2.16,1142.5,93.16,2003.6,2306.5,60.3
48258000,-0.18,2.17,1114.3,95.62,2020.9,2307.7,61.1
48259500,-0.18,2.19,1101.5,95.95,2017.2,2298.3,61.4
48261000,-0.18,2.17,1112.5,96.20,2027.8,2312.9,61.2
48262500,-0.18,2.16,1121.0,96.07,2031.3,2320.1,61.1
48264000,-0.18,2.14,1149.2,94.46,2026.2,2329.4,60.4
48265500,-0.18,2.14,1153.1,94.15,2024.0,2329.4,60.3
48267000,-0.19,2.15,1154.6,92.73,2004.6,2313.3,60.1
48268500,-0.18,2.16,1124.1,95.75,2028.8,2319.4,61.0
48270000,-0.19,2.12,1173.0,93.27,2023.1,2338.5,59.9
48271500,-0.18,2.12,1169.2,94.21,2034.3,2346.4,60.1
48273000,-0.18,2.09,1177.1,96.98,2078.6,2388.7,60.5
48274500,-0.18,2.10,1177.8,94.77,2047.4,2362.0,60.1
48276000,-0.18,2.11,1151.7,97.32,2067.8,2366.9,60.9
48277500,-0.19,2.13,1180.9,91.11,1995.8,2319.0,59.4
48279000,-0.18,2.08,1189.9,95.67,2067.4,2385.4,60.1
48280500,-0.19,2.09,1202.7,92.84,2033.4,2362.4,59.4
48282000,-0.18,2.08,1203.9,94.20,2054.1,2380.9,59.6
48283500,-0.19,2.10,1187.7,92.90,2026.0,2348.5,59.6
48285000,-0.18,2.07,1183.9,97.72,2093.1,2404.7,60.5
48286500,-0.18,2.05,1224.0,94.71,2072.7,2407.1,59.4
48288000,-0.18,2.06,1203.6,96.13,2081.9,2404.8,60.0
48289500,-0.19,2.06,1223.2,93.89,2060.2,2395.9,59.3
48291000,-0.18,2.07,1196.4,96.92,2089.1,2407.4,60.2
48292500,-0.18,2.05,1209.8,96.26,2087.3,2412.6,59.9
48294000,-0.17,2.04,1201.7,99.37,2127.1,2443.1,60.5
48295500,-0.18,2.02,1251.4,94.58,2085.7,2432.3,59.0
48297000,-0.18,2.06,1205.4,96.13,2082.9,2406.6,59.9
48298500,-0.18,2.02,1253.7,94.90,2091.7,2438.7,59.1
48300000,-0.18,2.00,1265.3,94.84,2096.9,2449.1,58.9
48301500,-0.18,1.98,1290.3,94.71,2108.0,2471.6,58.5
48303000,-0.18,2.03,1233.3,96.72,2107.4,2441.8,59.7
48304500,-0.18,2.01,1237.7,98.61,2137.5,2470.0,59.9
48306000,-0.18,2.01,1260.8,95.03,2097.4,2447.2,59.0
48307500,-0.17,1.97,1257.4,100.80,2180.4,2517.0,60.0
48309000,-0.18,1.99,1278.4,95.22,2109.6,2466.7,58.8
48310500,-0.18,1.96,1282.9,98.96,2168.0,2519.1,59.4
48312000,-0.18,1.94,1321.9,95.62,2138.0,2513.6,58.3
48313500,-0.18,1.98,1266.7,97.80,2141.9,2488.4,59.4
48315000,-0.18,1.95,1304.7,95.94,2134.2,2501.4,58.6
48316500,-0.18,1.96,1280.1,99.10,2168.6,2518.2,59.4
48318000,-0.18,1.97,1281.7,96.86,2136.0,2491.0,59.0
48319500,-0.18,1.96,1295.8,96.20,2133.6,2496.3,58.7
48321000,-0.18,1.98,1282.8,95.55,2116.8,2475.2,58.8
48322500,-0.17,1.95,1280.4,100.66,2191.6,2538.2,59.7
48324000,-0.18,1.90,1359.2,95.18,2149.2,2542.9,57.7
48325500,-0.18,1.92,1324.3,99.05,2191.5,2560.6,58.9
48327000,-0.18,1.90,1345.6,97.48,2178.5,2560.6,58.3
48328500,-0.18,1.95,1313.7,95.04,2124.9,2498.2,58.3
48330000,-0.18,1.89,1364.9,96.22,2168.4,2562.2,57.8
48331500,-0.17,1.88,1352.2,100.83,2233.1,2610.6,58.8
48333000,-0.18,1.89,1361.6,97.82,2191.8,2580.3,58.2
48334500,-0.18,1.94,1325.0,95.50,2137.5,2514.9,58.2
48336000,-0.18,1.87,1372.9,97.90,2198.5,2592.0,58.0
48337500,-0.18,1.90,1364.3,95.06,2149.7,2546.1,57.6
48339000,-0.18,1.88,1358.7,99.20,2211.6,2595.6,58.4
48340500,-0.18,1.88,1386.1,95.45,2166.1,2571.7,57.4
48342000,-0.18,1.90,1353.2,96.95,2174.1,2560.8,58.1
48343500,-0.19,1.88,1400.3,93.24,2136.8,2554.7,56.8
48345000,-0.17,1.87,1357.6,100.83,2236.0,2615.8,58.7
48346500,-0.18,1.86,1386.1,97.63,2200.8,2600.9,57.8
48348000,-0.18,1.86,1384.4,98.04,2206.4,2604.7,57.9
48349500,-0.18,1.89,1361.2,97.90,2192.8,2580.9,58.2
48351000,-0.18,1.82,1422.8,99.23,2243.5,2656.6,57.6
48352500,-0.18,1.84,1426.2,96.18,2196.2,2618.7,57.0
48354000,-0.18,1.80,1446.3,99.10,2252.3,2676.7,57.3
48355500,-0.18,1.78,1473.5,97.67,2241.2,2682.2,56.7
48357000,-0.17,1.79,1456.5,99.53,2263.8,2691.9,57.2
48358500,-0.18,1.78,1489.1,96.15,2222.5,2675.3,56.2
48360000,-0.18,1.79,1483.9,95.30,2206.1,2658.7,56.1
48361500,-0.18,1.73,1541.0,96.77,2253.8,2730.3,55.6
48363000,-0.18,1.77,1498.1,96.82,2237.4,2692.6,56.2
48364500,-0.17,1.80,1428.9,102.86,2303.3,2710.6,58.2
48366000,-0.17,1.80,1445.1,100.09,2267.6,2689.0,57.5
48367500,-0.18,1.75,1529.2,95.91,2234.5,2707.7,55.6
48369000,-0.17,1.75,1484.9,103.20,2335.6,2767.7,57.6
48370500,-0.17,1.73,1507.2,102.61,2336.5,2780.5,57.2
48372000,-0.17,1.78,1465.5,100.39,2281.8,2711.9,57.3
48373500,-0.17,1.71,1536.0,103.15,2358.2,2814.4,56.9
48375000,-0.18,1.76,1506.2,96.96,2243.1,2701.9,56.1
48376500,-0.17,1.69,1566.2,101.39,2342.1,2817.5,56.2
48378000,-0.18,1.74,1525.4,98.26,2272.7,2737.2,56.1
48379500,-0.17,1.69,1545.9,103.85,2373.9,2832.9,56.9
48381000,-0.18,1.69,1582.0,98.70,2302.8,2793.8,55.5
48382500,-0.17,1.71,1523.7,103.91,2365.0,2813.3,57.2
48384000,-0.17,1.72,1543.2,99.38,2298.9,2768.8,56.1
48385500,-0.17,1.70,1548.9,102.12,2346.9,2811.9,56.6
48387000,-0.17,1.69,1580.0,99.68,2318.8,2805.9,55.7
48388500,-0.17,1.67,1586.0,102.00,2360.4,2843.7,56.1
48390000,-0.18,1.68,1603.0,96.22,2267.4,2776.9,54.7
48391500,-0.17,1.68,1587.9,100.76,2340.3,2828.2,55.8
48393000,-0.18,1.66,1625.6,97.91,2305.3,2820.8,54.8
48394500,-0.17,1.69,1557.2,102.88,2363.0,2829.9,56.6
48396000,-0.17,1.68,1583.7,100.55,2335.0,2821.4,55.9
48397500,-0.16,1.64,1603.1,105.85,2431.7,2912.6,56.6
48399000,-0.18,1.65,1632.4,99.09,2328.4,2843.7,55.0
48400500,-0.17,1.68,1574.3,102.60,2365.5,2841.5,56.4
48402000,-0.17,1.63,1651.0,101.32,2374.1,2891.8,55.2
48403500,-0.17,1.60,1691.5,101.71,2395.8,2932.7,54.8
48405000,-0.17,1.64,1638.9,100.16,2349.5,2864.6,55.1
48406500,-0.18,1.64,1650.7,99.04,2334.1,2858.8,54.7
48408000,-0.18,1.63,1663.6,98.50,2328.9,2862.0,54.5
48409500,-0.17,1.58,1720.4,99.79,2371.2,2929.6,54.0
48411000,-0.17,1.65,1616.6,102.04,2373.3,2871.6,55.7
48412500,-0.17,1.61,1679.1,101.20,2382.3,2914.6,54.8
48414000,-0.17,1.60,1686.6,101.87,2396.7,2930.6,54.9
48415500,-0.17,1.58,1713.3,102.03,2409.1,2956.2,54.6
48417000,-0.16,1.59,1676.6,105.69,2459.1,2976.3,55.7
48418500,-0.17,1.54,1780.3,99.28,2380.4,2972.5,53.2
48420000,-0.17,1.57,1718.3,102.34,2416.2,2964.9,54.6
48421500,-0.17,1.56,1749.5,100.54,2394.2,2965.3,53.8
48423000,-0.17,1.57,1733.3,100.89,2395.3,2956.6,54.1
48424500,-0.17,1.56,1759.9,99.69,2381.9,2961.5,53.5
48426000,-0.18,1.54,1788.6,99.22,2381.7,2978.5,53.1
48427500,-0.17,1.52,1808.0,99.45,2391.6,2998.1,52.9
48429000,-0.17,1.51,1825.6,101.76,2440.2,3047.5,53.2
48430500,-0.17,1.49,1849.8,103.20,2474.2,3089.3,53.2
48432000,-0.17,1.52,1791.1,103.46,2460.8,3043.6,54.0
48433500,-0.17,1.54,1782.1,100.14,2397.0,2986.8,53.4
48435000,-0.17,1.50,1830.6,102.66,2458.4,3065.1,53.3
48436500,-0.17,1.52,1810.2,101.03,2421.9,3023.7,53.2
48438000,-0.17,1.54,1767.1,101.73,2421.5,2997.7,53.9
48439500,-0.17,1.46,1888.9,104.16,2503.5,3136.2,53.0
48441000,-0.17,1.48,1856.7,102.24,2458.2,3080.6,52.9
48442500,-0.17,1.47,1890.7,99.31,2410.8,3063.8,51.9
48444000,-0.17,1.48,1861.6,101.51,2445.7,3073.6,52.7
48445500,-0.17,1.44,1920.7,103.12,2492.5,3146.7,52.4
48447000,-0.17,1.47,1886.9,101.10,2444.6,3088.1,52.3
48448500,-0.17,1.46,1906.6,100.25,2433.2,3091.2,51.9
48450000,-0.17,1.50,1831.3,103.28,2470.2,3075.0,53.4
48451500,-0.16,1.46,1872.6,106.04,2533.8,3150.7,53.5
48453000,-0.17,1.45,1895.7,104.72,2516.1,3150.3,53.0
48454500,-0.17,1.42,1965.2,100.23,2446.4,3138.0,51.2
48456000,-0.17,1.44,1944.7,99.37,2424.6,3108.1,51.3
48457500,-0.16,1.39,1985.1,106.87,2581.7,3256.7,52.4
48459000,-0.16,1.44,1910.5,105.45,2534.1,3173.6,53.0
48460500,-0.17,1.40,1976.0,105.19,2546.9,3223.5,52.2
48462000,-0.17,1.40,1990.5,102.75,2502.5,3197.5,51.5
48463500,-0.17,1.41,1969.4,104.18,2525.5,3202.6,52.1
48465000,-0.17,1.43,1956.3,101.10,2461.8,3144.5,51.5
48466500,-0.16,1.39,1989.6,108.12,2606.9,3279.4,52.6
48468000,-0.16,1.38,2014.1,106.75,2586.9,3278.5,52.1
48469500,-0.17,1.38,2022.0,105.09,2556.2,3259.2,51.7
48471000,-0.17,1.37,2042.2,103.86,2536.4,3256.4,51.2
48472500,-0.17,1.39,2019.5,102.11,2496.2,3210.8,51.0
48474000,-0.17,1.36,2053.8,104.49,2551.7,3275.6,51.2
48475500,-0.17,1.37,2035.3,104.33,2544.2,3258.1,51.3
48477000,-0.16,1.35,2057.1,107.29,2608.0,3321.7,51.7
48478500,-0.16,1.34,2088.3,105.79,2585.2,3323.3,51.1
48480000,-0.16,1.33,2117.5,106.14,2598.4,3351.9,50.8
48481500,-0.17,1.35,2090.2,102.48,2517.9,3272.4,50.3
48483000,-0.16,1.32,2129.2,105.91,2596.2,3357.6,50.6
48484500,-0.17,1.34,2094.2,103.62,2542.2,3293.7,50.5
48486000,-0.16,1.30,2153.3,107.23,2628.0,3397.5,50.7
48487500,-0.17,1.30,2167.4,104.15,2566.6,3359.3,49.8
48489000,-0.17,1.33,2123.2,103.12,2537.3,3308.4,50.1
48490500,-0.17,1.28,2218.0,103.28,2556.0,3384.1,49.0
48492000,-0.16,1.26,2237.6,107.31,2645.4,3464.8,49.8
48493500,-0.17,1.25,2272.8,100.46,2499.9,3378.6,47.7
48495000,-0.16,1.24,2287.9,108.36,2675.7,3520.5,49.5
48496500,-0.16,1.27,2234.3,105.87,2614.1,3438.8,49.5
48498000,-0.17,1.23,2318.4,104.22,2589.4,3475.7,48.2
48499500,-0.17,1.25,2275.2,105.04,2602.2,3456.6,48.8
48501000,-0.16,1.25,2264.8,107.03,2643.7,3481.1,49.4
48502500,-0.16,1.27,2220.6,107.15,2639.0,3449.0,49.9
48504000,-0.17,1.22,2342.6,103.26,2570.2,3477.6,47.7
48505500,-0.17,1.24,2286.4,105.06,2604.1,3465.4,48.7
48507000,-0.17,1.22,2328.6,103.94,2584.1,3478.5,48.0
48508500,-0.16,1.22,2331.9,109.43,2705.5,3571.8,49.2
48510000,-0.16,1.25,2258.7,106.15,2623.9,3462.2,49.3
48511500,-0.16,1.24,2267.6,110.06,2708.3,3532.3,50.1
48513000,-0.16,1.22,2334.4,105.90,2628.7,3515.6,48.4
48514500,-0.16,1.22,2331.6,108.35,2682.0,3553.8,49.0
48516000,-0.17,1.20,2375.9,103.99,2589.9,3514.6,47.5
48517500,-0.16,1.19,2386.5,110.18,2729.6,3625.8,48.8
48519000,-0.16,1.21,2343.4,105.61,2623.2,3517.5,48.2
48520500,-0.16,1.16,2451.4,106.75,2659.6,3617.0,47.3
48522000,-0.16,1.21,2344.9,106.17,2635.9,3528.0,48.3
48523500,-0.16,1.17,2430.2,108.37,2694.7,3628.7,48.0
48525000,-0.16,1.19,2388.2,110.55,2737.8,3633.0,48.9
48526500,-0.15,1.16,2436.7,113.99,2819.4,3726.5,49.2
48528000,-0.16,1.11,2585.1,107.05,2674.4,3719.5,46.0
48529500,-0.15,1.13,2524.2,113.08,2810.6,3777.7,48.1
48531000,-0.16,1.16,2469.3,105.66,2635.7,3611.7,46.9
48532500,-0.15,1.11,2562.7,112.14,2792.9,3790.5,47.5
48534000,-0.16,1.10,2590.6,108.21,2702.7,3743.7,46.2
48535500,-0.16,1.12,2551.3,108.10,2697.9,3713.2,46.6
48537000,-0.16,1.11,2585.0,108.97,2720.3,3752.7,46.5
48538500,-0.16,1.08,2648.6,107.87,2696.0,3779.3,45.5
48540000,-0.15,1.09,2626.4,113.66,2833.2,3863.3,47.2
48541500,-0.16,1.08,2646.5,109.37,2732.7,3804.1,45.9
48543000,-0.16,1.03,2793.5,109.86,2745.8,3917.0,44.5
48544500,-0.16,1.09,2634.9,108.61,2713.8,3782.5,45.8
48546000,-0.16,1.07,2666.7,106.92,2672.7,3775.5,45.1
48547500,-0.16,1.04,2756.9,108.40,2709.3,3865.3,44.5
48549000,-0.16,1.07,2689.9,108.34,2708.2,3817.0,45.2
48550500,-0.16,1.07,2676.2,107.10,2677.1,3785.4,45.0
48552000,-0.16,1.03,2777.0,110.72,2767.8,3920.7,44.9
48553500,-0.16,1.02,2794.5,109.45,2735.5,3910.6,44.4
48555000,-0.16,1.04,2743.5,107.01,2674.1,3831.1,44.3
48556500,-0.16,1.05,2720.6,105.95,2647.4,3796.2,44.2
48558000,-0.15,1.02,2820.4,114.17,2853.9,4012.4,45.3
48559500,-0.16,1.02,2815.5,109.15,2727.2,3919.8,44.1
48561000,-0.16,1.04,2753.6,111.50,2787.2,3918.0,45.3
48562500,-0.16,1.00,2864.5,107.87,2691.3,3930.5,43.2
48564000,-0.15,0.99,2895.9,112.18,2802.9,4030.2,44.1
48565500,-0.16,0.99,2900.8,109.16,2723.4,3978.9,43.2
48567000,-0.16,1.00,2863.6,111.28,2780.5,3991.4,44.2
48568500,-0.16,1.00,2873.6,109.06,2722.2,3958.3,43.5
48570000,-0.15,0.97,2951.3,113.06,2823.5,4084.4,43.7
48571500,-0.16,0.98,2911.8,109.69,2736.8,3996.1,43.2
48573000,-0.15,0.97,2952.7,112.17,2800.1,4069.3,43.5
48574500,-0.16,0.96,2970.0,110.87,2764.5,4057.5,42.9
48576000,-0.16,0.94,3023.8,110.93,2761.7,4095.1,42.4
48577500,-0.16,0.93,3068.3,111.85,2782.8,4142.3,42.2
48579000,-0.16,1.00,2857.4,110.25,2754.3,3968.7,43.9
48580500,-0.16,0.98,2909.7,111.62,2787.6,4029.5,43.8
48582000,-0.16,0.96,2957.4,107.84,2683.0,3993.1,42.2
48583500,-0.15,0.91,3121.4,113.08,2811.4,4200.8,42.0
48585000,-0.16,0.91,3132.7,110.02,2723.7,4151.2,41.0
48586500,-0.16,0.90,3143.0,109.53,2707.8,4148.6,40.7
48588000,-0.16,0.90,3133.4,108.27,2672.6,4118.4,40.5
48589500,-0.15,0.85,3343.5,115.06,2838.1,4385.6,40.3
48591000,-0.16,0.96,2984.8,108.55,2699.8,4024.7,42.1
48592500,-0.16,0.91,3107.7,110.02,2726.9,4134.5,41.3
48594000,-0.16,0.87,3249.2,111.81,2757.8,4261.8,40.3
48595500,-0.16,0.86,3275.6,111.48,2743.8,4272.9,40.0
48597000,-0.16,0.90,3160.8,109.48,2703.9,4159.5,40.5
48598500,-0.15,0.82,3420.2,112.87,2757.5,4393.4,38.9
48600000,-0.16,0.82,3369.7,107.70,2605.8,4259.7,37.7
48601500,-0.16,0.82,3401.1,110.58,2690.1,4336.4,38.3
48603000,-0.15,0.85,3320.0,114.33,2820.6,4356.4,40.4
48604500,-0.16,0.86,3284.9,111.00,2727.4,4269.6,39.7
48606000,-0.15,0.82,3402.2,112.70,2756.0,4378.4,39.0
48607500,-0.15,0.80,3475.3,113.31,2758.8,4437.2,38.4
48609000,-0.16,0.80,3477.4,111.20,2690.8,4396.9,37.7
48610500,-0.16,0.80,3462.4,111.36,2699.8,4390.6,37.9
48612000,-0.15,0.77,3590.8,113.80,2745.4,4520.1,37.4
48613500,-0.15,0.83,3380.7,112.34,2749.4,4357.6,39.1
48615000,-0.16,0.80,3456.3,110.93,2687.7,4378.3,37.9
48616500,-0.15,0.81,3446.0,112.24,2731.8,4397.4,38.4
48618000,-0.15,0.76,3644.5,115.07,2772.2,4579.0,37.3
48619500,-0.16,0.80,3473.2,111.57,2703.9,4401.6,37.9
48621000,-0.15,0.77,3629.1,117.53,2855.7,4617.9,38.2
48622500,-0.15,0.78,3537.2,113.51,2750.0,4480.4,37.9
48624000,-0.15,0.73,3732.1,114.99,2743.7,4632.1,36.3
48625500,-0.16,0.76,3601.8,110.67,2637.6,4464.3,36.2
48627000,-0.15,0.73,3745.8,114.00,2705.5,4620.7,35.8
48628500,-0.16,0.75,3614.3,109.76,2602.0,4453.5,35.8
48630000,-0.15,0.73,3751.3,115.30,2748.4,4650.4,36.2
48631500,-0.15,0.74,3671.9,113.13,2699.3,4557.3,36.3
48633000,-0.15,0.72,3773.7,115.24,2739.2,4663.0,36.0
48634500,-0.15,0.68,3953.1,117.32,2749.9,4815.5,34.8
48636000,-0.15,0.76,3649.1,118.28,2874.8,4645.4,38.2
48637500,-0.15,0.75,3666.3,115.71,2787.3,4605.5,37.2
48639000,-0.15,0.70,3828.9,113.58,2661.3,4662.9,34.8
48640500,-0.15,0.70,3832.4,113.14,2644.0,4656.0,34.6
48642000,-0.15,0.68,3894.2,113.03,2615.7,4691.1,33.9
48643500,-0.15,0.72,3771.7,113.99,2696.2,4636.3,35.6
48645000,-0.15,0.71,3832.6,116.38,2758.9,4722.3,35.7
48646500,-0.15,0.67,3947.3,115.09,2670.8,4766.0,34.1
48648000,-0.15,0.69,3876.0,114.84,2689.1,4717.5,34.8
48649500,-0.15,0.68,3908.3,113.33,2621.3,4705.9,33.8
48651000,-0.15,0.69,3919.0,116.67,2739.1,4781.3,35.0
48652500,-0.15,0.64,4072.9,114.69,2601.2,4832.7,32.6
48654000,-0.16,0.66,3938.8,111.09,2522.5,4677.3,32.6
48655500,-0.15,0.60,4287.8,118.42,2646.1,5038.6,31.7
48657000,-0.15,0.66,3975.8,113.24,2589.2,4744.6,33.1
48658500,-0.14,0.64,4153.3,119.97,2768.2,4991.3,33.7
48660000,-0.15,0.60,4233.4,116.55,2597.8,4966.9,31.5
48661500,-0.15,0.62,4190.1,118.14,2682.1,4975.0,32.6
48663000,-0.16,0.63,4041.2,111.05,2471.1,4736.9,31.4
48664500,-0.14,0.59,4376.8,121.86,2740.5,5164.0,32.1
48666000,-0.16,0.62,4099.8,111.72,2468.4,4785.6,31.1
48667500,-0.15,0.61,4200.9,115.33,2564.4,4921.7,31.4
48669000,-0.15,0.60,4159.6,112.41,2464.9,4835.1,30.6
48670500,-0.15,0.60,4177.1,112.25,2448.7,4841.9,30.4
48672000,-0.15,0.57,4270.3,112.45,2402.7,4899.8,29.4
48673500,-0.15,0.60,4191.8,112.63,2456.5,4858.5,30.4
48675000,-0.15,0.52,4499.9,114.94,2368.8,5085.3,27.8
48676500,-0.15,0.52,4510.3,114.59,2345.0,5083.5,27.5
48678000,-0.15,0.57,4367.1,116.01,2501.6,5032.9,29.8
48679500,-0.14,0.52,4685.5,121.94,2571.6,5344.8,28.8
48681000,-0.15,0.57,4353.2,116.66,2537.8,5038.9,30.2
48682500,-0.15,0.52,4615.3,118.77,2471.2,5235.2,28.2
48684000,-0.15,0.58,4304.6,115.13,2499.7,4977.7,30.1
48685500,-0.15,0.50,4590.5,115.17,2315.3,5141.4,26.8
48687000,-0.15,0.55,4509.3,119.76,2581.9,5196.1,29.8
48688500,-0.15,0.49,4632.6,114.68,2258.8,5154.0,26.0
48690000,-0.15,0.50,4685.0,118.78,2423.7,5274.8,27.4
48691500,-0.15,0.51,4550.9,114.78,2325.2,5110.5,27.1
48693000,-0.15,0.53,4536.7,117.66,2471.3,5166.1,28.6
48694500,-0.15,0.53,4538.4,116.81,2431.0,5148.5,28.2
48696000,-0.15,0.46,4859.0,118.90,2297.2,5374.7,25.3
48697500,-0.15,0.49,4679.8,117.46,2362.7,5242.4,26.8
48699000,-0.14,0.46,4911.6,121.36,2382.9,5459.1,25.9
48700500,-0.15,0.47,4747.4,116.79,2276.8,5265.2,25.6
48702000,-0.15,0.39,5018.1,115.83,1969.9,5390.8,21.4
48703500,-0.15,0.45,4829.3,117.27,2234.8,5321.3,24.8
48705000,-0.14,0.41,5188.8,124.40,2313.1,5681.0,24.0
48706500,-0.15,0.45,4839.1,116.73,2197.0,5314.5,24.4
48708000,-0.14,0.42,5027.8,120.13,2218.3,5495.4,23.8
48709500,-0.15,0.42,4980.7,117.76,2125.7,5415.3,23.1
48711000,-0.14,0.40,5213.6,123.51,2239.3,5674.2,23.2
48712500,-0.15,0.39,5122.7,119.78,2106.3,5538.8,22.4
48714000,-0.15,0.39,5101.5,119.27,2096.8,5515.6,22.3
48715500,-0.15,0.41,5017.5,117.83,2093.9,5436.9,22.7
48717000,-0.14,0.41,5062.1,120.41,2202.2,5520.4,23.5
48718500,-0.15,0.39,5026.2,115.90,1965.8,5396.9,21.4
48720000,-0.15,0.37,5080.9,115.89,1903.8,5425.9,20.5
48721500,-0.14,0.38,5238.3,121.55,2096.3,5642.2,21.8
48723000,-0.14,0.36,5282.2,120.52,1981.8,5641.7,20.6
48724500,-0.14,0.34,5323.1,119.99,1897.6,5651.2,19.6
48726000,-0.15,0.37,4998.9,113.05,1807.6,5315.7,19.9
48727500,-0.14,0.36,5414.9,124.68,2105.8,5809.9,21.3
48729000,-0.14,0.33,5369.6,120.46,1873.3,5687.0,19.2
48730500,-0.15,0.32,5168.7,113.74,1637.0,5421.7,17.6
48732000,-0.15,0.32,5295.8,117.61,1759.7,5580.5,18.4
48733500,-0.14,0.30,5588.2,123.49,1810.3,5874.1,17.9
48735000,-0.15,0.33,5151.5,113.82,1667.0,5414.5,17.9
48736500,-0.14,0.30,5482.4,120.85,1752.6,5755.7,17.7
48738000,-0.15,0.28,5433.9,117.94,1585.8,5660.6,16.3
48739500,-0.15,0.32,5218.8,114.90,1656.9,5475.6,17.6
48741000,-0.15,0.31,5384.6,118.52,1707.6,5648.9,17.6
48742500,-0.14,0.28,5532.1,120.09,1616.3,5763.3,16.3
48744000,-0.14,0.30,5461.9,120.47,1751.0,5735.7,17.8
48745500,-0.15,0.24,5609.4,119.38,1419.9,5786.3,14.2
48747000,-0.14,0.26,5669.4,121.78,1542.7,5875.5,15.2
48748500,-0.14,0.28,5592.6,121.86,1672.9,5837.5,16.7
48750000,-0.14,0.29,5497.8,120.45,1698.2,5754.1,17.2
48751500,-0.15,0.25,5571.8,118.69,1421.1,5750.2,14.3
48753000,-0.15,0.26,5533.1,118.35,1457.9,5721.9,14.8
48754500,-0.15,0.28,5409.0,116.77,1524.4,5619.7,15.7
48756000,-0.14,0.21,5882.0,123.69,1333.5,6031.2,12.8
48757500,-0.14,0.23,5783.6,122.52,1407.2,5952.3,13.7
48759000,-0.14,0.19,5828.7,121.55,1204.7,5951.9,11.7
48760500,-0.14,0.30,5562.0,122.56,1774.4,5838.2,17.7
48762000,-0.14,0.17,5963.0,123.11,1070.6,6058.4,10.2
48763500,-0.14,0.22,5768.4,121.84,1366.0,5928.0,13.3
48765000,-0.14,0.22,5853.6,123.57,1379.3,6013.9,13.3
48766500,-0.15,0.22,5675.6,119.22,1272.2,5816.5,12.6
48768000,-0.14,0.19,5824.8,121.30,1183.3,5943.7,11.5
48769500,-0.14,0.18,6027.5,125.05,1164.3,6138.9,10.9
48771000,-0.14,0.17,5959.4,123.04,1071.7,6055.0,10.2
48772500,-0.14,0.18,5923.3,122.77,1129.7,6030.0,10.8
48774000,-0.14,0.12,6076.8,123.75,819.4,6131.8,7.7
48775500,-0.14,0.15,5866.4,120.32,937.1,5940.8,9.1
48777000,-0.14,0.16,5936.8,122.16,1008.5,6021.9,9.6
48778500,-0.14,0.21,5906.8,124.24,1342.3,6057.4,12.8
48780000,-0.14,0.13,6259.2,127.98,935.7,6328.7,8.5
48781500,-0.14,0.14,6141.6,125.68,935.1,6212.4,8.7
48783000,-0.14,0.09,6182.2,124.88,617.0,6212.9,5.7
48784500,-0.14,0.12,5988.0,121.70,761.5,6036.2,7.2
48786000,-0.14,0.10,6201.6,125.60,696.8,6240.7,6.4
48787500,-0.14,0.08,6016.1,121.29,540.3,6040.3,5.1
48789000,-0.14,0.13,5958.5,121.36,807.4,6012.9,7.7
48790500,-0.14,0.08,6068.6,122.36,547.9,6093.3,5.2
48792000,-0.14,0.09,6149.6,124.16,600.4,6178.8,5.6
48793500,-0.14,0.07,6234.0,125.49,502.5,6254.2,4.6
48795000,-0.14,0.08,6074.2,122.41,528.9,6097.2,5.0
48796500,-0.14,0.08,6074.8,122.50,551.1,6099.8,5.2
48798000,-0.14,0.10,5951.5,120.25,601.2,5981.8,5.8
48799500,-0.13,0.06,6523.9,131.00,413.3,6536.9,3.6
48801000,-0.14,0.06,6095.4,122.45,405.8,6108.9,3.8
48802500,-0.14,0.01,6353.2,127.08,79.6,6353.7,0.7
48804000,-0.14,0.03,6113.2,122.43,222.3,6117.3,2.1
48805500,-0.14,-0.02,6216.9,124.38,-110.2,6217.9,-1.0
48807000,-0.14,0.07,6072.1,122.19,478.1,6090.9,4.5
48808500,-0.13,0.01,6612.3,132.26,64.1,6612.6,0.6
48810000,-0.14,0.01,6259.4,125.21,80.6,6259.9,0.7
48811500,-0.14,0.01,6265.7,125.33,75.8,6266.2,0.7
48813000,-0.14,-0.02,6230.3,124.70,-168.1,6232.6,-1.5
48814500,-0.14,0.03,6300.9,126.14,192.3,6303.8,1.7
48816000,-0.14,-0.02,6337.2,126.80,-127.9,6338.5,-1.2
48817500,-0.14,0.01,6333.6,126.70,94.1,6334.3,0.9
48819000,-0.14,0.02,6172.4,123.48,103.8,6173.2,1.0
48820500,-0.14,-0.02,6384.1,127.72,-114.5,6385.1,-1.0
48822000,-0.14,-0.02,6361.9,127.31,-148.6,6363.6,-1.3
48823500,-0.14,-0.02,6305.5,126.17,-137.1,6307.0,-1.2
48825000,-0.13,-0.03,6606.4,132.25,-202.3,6609.5,-1.8
48826500,-0.14,-0.02,6300.7,126.06,-125.0,6301.9,-1.1
48828000,-0.13,-0.06,6440.2,129.36,-423.0,6454.0,-3.8
48829500,-0.14,-0.04,6388.9,128.10,-319.6,6396.9,-2.9
48831000,-0.14,-0.07,6355.4,127.79,-467.0,6372.5,-4.2
48832500,-0.13,-0.06,6476.1,130.11,-436.3,6490.8,-3.9
48834000,-0.13,-0.05,6616.8,132.70,-348.1,6625.9,-3.0
48835500,-0.14,-0.02,6269.7,125.44,-122.6,6270.9,-1.1
48837000,-0.13,-0.10,6584.3,133.54,-780.9,6630.5,-6.8
48838500,-0.13,-0.07,6546.7,131.82,-538.2,6568.8,-4.7
48840000,-0.14,-0.09,6324.3,127.80,-645.0,6357.1,-5.8
48841500,-0.13,-0.05,6430.0,129.04,-376.6,6441.1,-3.4
48843000,-0.13,-0.12,6440.3,131.24,-886.0,6500.9,-7.8
48844500,-0.14,-0.07,6362.7,128.02,-492.4,6381.7,-4.4
48846000,-0.14,-0.09,6213.7,125.58,-637.5,6246.3,-5.9
48847500,-0.14,-0.11,6157.9,125.07,-766.5,6205.4,-7.1
48849000,-0.14,-0.13,6077.8,123.98,-858.9,6138.2,-8.0
48850500,-0.14,-0.13,6095.8,124.18,-829.7,6152.0,-7.8
48852000,-0.13,-0.16,6276.6,129.69,-1142.4,6379.7,-10.3
48853500,-0.13,-0.13,6422.1,131.41,-976.3,6495.9,-8.6
48855000,-0.13,-0.14,6373.2,130.76,-1024.1,6455.0,-9.1
48856500,-0.13,-0.15,6278.0,129.16,-1063.3,6367.4,-9.6
48858000,-0.14,-0.15,6155.1,126.38,-1004.6,6236.5,-9.3
48859500,-0.13,-0.18,6259.5,130.63,-1304.9,6394.1,-11.8
48861000,-0.13,-0.19,6416.8,134.82,-1442.6,6576.9,-12.7
48862500,-0.14,-0.18,5975.0,123.84,-1138.8,6082.6,-10.8
48864000,-0.13,-0.20,6174.3,130.11,-1429.8,6337.6,-13.0
48865500,-0.13,-0.21,6362.5,134.87,-1556.8,6550.2,-13.7
48867000,-0.14,-0.22,6001.7,127.33,-1480.0,6181.5,-13.9
48868500,-0.13,-0.25,6220.8,134.83,-1799.9,6476.0,-16.1
48870000,-0.13,-0.19,6232.4,130.52,-1352.8,6377.5,-12.2
48871500,-0.13,-0.20,6432.3,135.88,-1525.5,6610.8,-13.3
48873000,-0.13,-0.20,6149.2,129.18,-1379.7,6302.1,-12.6
48874500,-0.13,-0.21,6272.6,132.51,-1487.5,6446.6,-13.3
48876000,-0.14,-0.24,5985.3,128.21,-1595.2,6194.3,-14.9
48877500,-0.13,-0.27,6071.2,133.04,-1877.9,6355.0,-17.2
48879000,-0.13,-0.22,6054.4,128.83,-1530.7,6244.9,-14.2
48880500,-0.13,-0.27,5925.5,129.94,-1840.4,6204.7,-17.3
48882000,-0.13,-0.29,5892.4,130.81,-1954.4,6208.0,-18.3
48883500,-0.13,-0.28,6195.1,138.16,-2101.9,6541.9,-18.7
48885000,-0.13,-0.29,6066.8,136.16,-2120.6,6426.8,-19.3
48886500,-0.13,-0.26,6264.5,137.89,-1986.4,6571.9,-17.6
48888000,-0.13,-0.29,6028.9,135.01,-2085.7,6379.4,-19.1
48889500,-0.13,-0.26,6208.7,136.16,-1929.3,6501.5,-17.3
48891000,-0.13,-0.28,5894.1,130.22,-1906.9,6194.9,-17.9
48892500,-0.14,-0.29,5568.3,121.60,-1687.8,5818.5,-16.9
48894000,-0.13,-0.30,5978.3,133.79,-2062.0,6323.9,-19.0
48895500,-0.13,-0.31,5942.3,134.98,-2189.3,6332.8,-20.2
48897000,-0.13,-0.31,6024.2,137.20,-2244.1,6428.6,-20.4
48898500,-0.13,-0.35,5736.3,133.39,-2313.5,6185.2,-22.0
48900000,-0.12,-0.34,5948.5,140.13,-2508.7,6455.9,-22.9
48901500,-0.13,-0.30,5989.1,134.93,-2129.6,6356.4,-19.6
48903000,-0.12,-0.36,5840.6,139.35,-2565.6,6379.2,-23.7
48904500,-0.13,-0.30,6080.0,136.72,-2143.8,6446.9,-19.4
48906000,-0.13,-0.36,5726.2,134.82,-2410.4,6212.9,-22.8
48907500,-0.14,-0.35,5510.7,127.26,-2167.2,5921.5,-21.5
48909000,-0.13,-0.36,5792.2,136.65,-2454.5,6290.8,-23.0
48910500,-0.13,-0.40,5390.4,130.14,-2453.3,5922.4,-24.5
48912000,-0.12,-0.43,5504.3,140.66,-2900.6,6221.9,-27.8
48913500,-0.14,-0.38,5399.4,127.41,-2289.9,5864.9,-23.0
48915000,-0.13,-0.42,5454.1,135.70,-2694.1,6083.2,-26.3
48916500,-0.14,-0.44,5033.0,123.80,-2412.9,5581.4,-25.6
48918000,-0.13,-0.43,5350.5,134.71,-2721.9,6003.0,-27.0
48919500,-0.12,-0.42,5504.7,139.14,-2827.2,6188.2,-27.2
48921000,-0.13,-0.43,5351.0,134.06,-2689.6,5988.9,-26.7
48922500,-0.13,-0.41,5487.5,134.88,-2625.9,6083.4,-25.6
48924000,-0.13,-0.43,5406.1,135.87,-2738.4,6060.1,-26.9
48925500,-0.12,-0.49,5176.5,142.88,-3191.4,6081.2,-31.7
48927000,-0.13,-0.43,5305.1,133.01,-2671.4,5939.8,-26.7
48928500,-0.13,-0.44,5284.6,134.11,-2740.4,5952.9,-27.4
48930000,-0.13,-0.46,5194.5,134.30,-2810.3,5906.0,-28.4
48931500,-0.13,-0.48,5033.4,131.12,-2768.3,5744.4,-28.8
48933000,-0.13,-0.46,5150.0,132.70,-2765.6,5845.6,-28.2
48934500,-0.12,-0.51,5028.2,140.62,-3173.1,5945.7,-32.3
48936000,-0.13,-0.45,5258.8,135.57,-2826.9,5970.5,-28.3
48937500,-0.13,-0.48,5186.5,137.51,-2959.5,5971.5,-29.7
48939000,-0.13,-0.48,5024.2,130.82,-2760.3,5732.5,-28.8
48940500,-0.13,-0.52,4896.0,135.77,-3043.9,5765.1,-31.9
48942000,-0.13,-0.49,5101.0,138.41,-3046.4,5941.4,-30.8
48943500,-0.13,-0.55,4781.2,138.07,-3185.3,5745.1,-33.7
48945000,-0.13,-0.51,4993.0,135.48,-2982.1,5815.8,-30.8
48946500,-0.12,-0.54,4851.9,139.78,-3220.0,5823.2,-33.6
48948000,-0.13,-0.53,4935.5,138.92,-3150.1,5855.1,-32.5
48949500,-0.13,-0.52,4942.3,137.53,-3091.7,5829.6,-32.0
48951000,-0.12,-0.54,4890.0,141.62,-3273.0,5884.3,-33.8
48952500,-0.13,-0.59,4547.8,136.70,-3225.2,5575.3,-35.3
48954000,-0.13,-0.52,4933.8,135.81,-3026.7,5788.2,-31.5
48955500,-0.12,-0.56,4862.5,148.10,-3515.9,6000.4,-35.9
48957000,-0.13,-0.53,4825.0,133.92,-3004.6,5684.1,-31.9
48958500,-0.12,-0.56,4814.9,142.57,-3337.6,5858.6,-34.7
48960000,-0.12,-0.60,4555.4,141.80,-3397.9,5683.0,-36.7
48961500,-0.12,-0.58,4664.8,140.30,-3310.9,5720.3,-35.4
48963000,-0.12,-0.59,4652.0,143.98,-3442.2,5787.1,-36.5
48964500,-0.12,-0.59,4607.8,140.58,-3340.0,5691.0,-35.9
48966000,-0.12,-0.64,4390.5,145.63,-3562.6,5654.0,-39.1
48967500,-0.12,-0.62,4462.8,139.50,-3348.1,5579.1,-36.9
48969000,-0.12,-0.62,4488.0,146.99,-3583.4,5743.0,-38.6
48970500,-0.12,-0.60,4619.6,144.58,-3471.7,5778.7,-36.9
48972000,-0.12,-0.62,4466.1,140.10,-3367.1,5593.2,-37.0
48973500,-0.13,-0.62,4412.8,137.85,-3307.9,5515.0,-36.9
48975000,-0.12,-0.66,4282.0,146.12,-3598.2,5593.1,-40.0
48976500,-0.13,-0.66,4211.3,138.04,-3366.0,5391.2,-38.6
48978000,-0.12,-0.66,4276.4,141.85,-3470.1,5507.2,-39.1
48979500,-0.13,-0.65,4239.1,131.71,-3153.8,5283.6,-36.6
48981000,-0.12,-0.65,4293.8,141.84,-3466.1,5518.2,-38.9
48982500,-0.12,-0.70,4068.8,143.53,-3555.8,5403.6,-41.2
48984000,-0.12,-0.67,4212.4,147.14,-3639.3,5566.7,-40.8
48985500,-0.12,-0.68,4167.6,143.33,-3535.3,5465.1,-40.3
48987000,-0.12,-0.70,4032.9,141.34,-3497.9,5338.5,-40.9
48988500,-0.12,-0.71,4029.4,145.17,-3607.1,5408.1,-41.8
48990000,-0.12,-0.71,4020.3,142.55,-3534.3,5353.0,-41.3
48991500,-0.13,-0.73,3897.7,136.59,-3380.3,5159.3,-40.9
48993000,-0.12,-0.74,3846.5,144.47,-3604.1,5271.1,-43.1
48994500,-0.12,-0.73,3913.2,143.29,-3566.8,5294.8,-42.3
48996000,-0.12,-0.75,3791.3,144.05,-3596.1,5225.5,-43.5
48997500,-0.12,-0.72,3957.9,143.36,-3564.3,5326.3,-42.0
48999000,-0.13,-0.78,3675.1,137.07,-3417.5,5018.6,-42.9
49000500,-0.12,-0.76,3746.7,139.63,-3481.2,5114.4,-42.9
49002000,-0.12,-0.76,3754.9,144.36,-3605.8,5205.8,-43.8
49003500,-0.12,-0.77,3709.2,150.50,-3761.8,5283.0,-45.4
49005000,-0.12,-0.78,3673.2,144.90,-3621.9,5158.5,-44.6
49006500,-0.12,-0.77,3706.0,150.54,-3762.9,5281.5,-45.4
49008000,-0.12,-0.76,3776.5,143.48,-3581.8,5205.0,-43.5
49009500,-0.12,-0.81,3540.0,148.51,-3708.5,5126.9,-46.3
49011000,-0.12,-0.77,3709.9,142.52,-3559.8,5141.6,-43.8
49012500,-0.12,-0.81,3532.5,147.33,-3679.9,5101.0,-46.2
49014000,-0.12,-0.80,3591.0,141.71,-3542.3,5044.1,-44.6
49015500,-0.11,-0.84,3403.5,152.98,-3801.1,5102.2,-48.2
49017000,-0.12,-0.78,3655.7,146.42,-3660.4,5173.3,-45.0
49018500,-0.12,-0.82,3477.7,144.68,-3614.2,5015.7,-46.1
49020000,-0.12,-0.83,3460.5,145.34,-3629.3,5014.6,-46.4
49021500,-0.11,-0.83,3456.8,152.56,-3797.1,5134.9,-47.7
49023000,-0.12,-0.84,3394.0,144.24,-3599.5,4947.3,-46.7
49024500,-0.12,-0.88,3227.6,145.79,-3620.7,4850.4,-48.3
49026000,-0.12,-0.86,3335.3,146.98,-3658.6,4950.7,-47.6
49027500,-0.11,-0.86,3304.9,153.10,-3791.6,5029.7,-48.9
49029000,-0.12,-0.88,3250.0,143.56,-3572.8,4829.9,-47.7
49030500,-0.12,-0.89,3199.8,147.76,-3660.6,4862.0,-48.8
49032000,-0.12,-0.91,3129.3,139.18,-3461.6,4666.4,-47.9
49033500,-0.12,-0.90,3177.4,142.11,-3532.7,4751.4,-48.0
49035000,-0.12,-0.90,3178.9,139.88,-3482.4,4715.1,-47.6
49036500,-0.12,-0.88,3254.0,144.09,-3585.2,4841.7,-47.8
49038000,-0.12,-0.94,3024.7,140.87,-3486.2,4615.5,-49.1
49039500,-0.12,-0.93,3024.1,147.61,-3629.4,4724.2,-50.2
49041000,-0.12,-0.91,3095.1,146.65,-3621.4,4763.8,-49.5
49042500,-0.12,-0.93,3040.2,144.21,-3560.4,4681.8,-49.5
49044000,-0.12,-0.93,3042.7,140.82,-3487.7,4628.5,-48.9
49045500,-0.12,-0.94,2980.4,147.78,-3624.6,4692.6,-50.6
49047000,-0.12,-0.98,2859.4,145.26,-3548.2,4557.0,-51.1
49048500,-0.12,-0.94,3012.0,141.31,-3494.1,4613.1,-49.2
49050000,-0.12,-0.99,2813.0,145.51,-3542.9,4523.8,-51.6
49051500,-0.12,-0.97,2891.4,142.94,-3507.6,4545.7,-50.5
49053000,-0.12,-0.96,2939.7,144.69,-3553.0,4611.4,-50.4
49054500,-0.12,-0.94,2991.3,145.73,-3584.2,4668.4,-50.2
49056000,-0.11,-0.99,2800.5,151.89,-3663.8,4611.6,-52.6
49057500,-0.13,-0.98,2889.7,137.06,-3384.0,4449.9,-49.5
49059000,-0.11,-1.01,2701.2,152.54,-3647.4,4538.7,-53.5
49060500,-0.11,-1.02,2676.7,151.72,-3624.9,4506.0,-53.6
49062000,-0.12,-1.03,2700.3,145.39,-3512.3,4430.3,-52.4
49063500,-0.11,-1.00,2770.3,152.23,-3661.9,4591.8,-52.9
49065000,-0.12,-1.01,2733.1,148.49,-3580.7,4504.5,-52.6
49066500,-0.12,-1.05,2603.7,147.85,-3530.9,4387.1,-53.6
49068000,-0.12,-1.01,2754.5,147.13,-3560.1,4501.3,-52.3
49069500,-0.11,-1.06,2543.3,151.14,-3570.8,4383.9,-54.5
49071000,-0.12,-1.03,2660.2,150.36,-3594.6,4471.9,-53.5
49072500,-0.11,-1.07,2496.1,157.02,-3655.8,4426.7,-55.7
49074000,-0.12,-1.04,2639.9,148.67,-3557.2,4429.7,-53.4
49075500,-0.12,-1.05,2589.0,150.17,-3568.6,4408.8,-54.0
49077000,-0.12,-1.08,2526.8,143.61,-3428.9,4259.3,-53.6
49078500,-0.12,-1.08,2503.3,150.96,-3553.4,4346.6,-54.8
49080000,-0.11,-1.10,2444.9,151.75,-3545.7,4306.9,-55.4
49081500,-0.11,-1.08,2447.6,158.58,-3662.6,4405.1,-56.2
49083000,-0.12,-1.13,2355.5,150.40,-3487.5,4208.5,-56.0
49084500,-0.11,-1.11,2318.6,164.93,-3707.0,4372.4,-58.0
49086000,-0.12,-1.14,2368.5,143.57,-3375.0,4123.2,-54.9
49087500,-0.12,-1.15,2359.0,141.13,-3328.7,4079.8,-54.7
49089000,-0.12,-1.09,2467.4,148.94,-3505.1,4286.4,-54.9
49090500,-0.11,-1.13,2288.9,158.68,-3594.2,4261.2,-57.5
49092000,-0.12,-1.09,2471.7,147.94,-3489.0,4275.8,-54.7
49093500,-0.11,-1.17,2204.3,154.06,-3481.3,4120.5,-57.7
49095000,-0.11,-1.19,2163.7,154.83,-3473.8,4092.6,-58.1
49096500,-0.11,-1.18,2171.0,155.50,-3487.7,4108.2,-58.1
49098000,-0.12,-1.17,2264.2,148.23,-3413.6,4096.2,-56.4
49099500,-0.11,-1.20,2088.0,161.94,-3541.9,4111.5,-59.5
49101000,-0.12,-1.13,2380.0,146.09,-3423.3,4169.3,-55.2
49102500,-0.12,-1.20,2200.1,145.58,-3342.5,4001.6,-56.6
49104000,-0.11,-1.17,2235.5,151.80,-3459.5,4118.9,-57.1
49105500,-0.12,-1.22,2127.3,146.21,-3320.3,3943.3,-57.4
49107000,-0.11,-1.18,2206.5,152.37,-3455.3,4099.7,-57.4
49108500,-0.11,-1.23,2072.1,152.25,-3388.0,3971.5,-58.6
49110000,-0.12,-1.23,2099.3,149.34,-3356.5,3958.9,-58.0
49111500,-0.11,-1.21,2123.7,153.62,-3435.2,4038.7,-58.3
49113000,-0.11,-1.26,1967.5,158.66,-3425.7,3950.5,-60.1
49114500,-0.12,-1.27,1990.5,150.14,-3313.4,3865.3,-59.0
49116000,-0.11,-1.28,1943.3,154.44,-3350.8,3873.6,-59.9
49117500,-0.12,-1.22,2120.1,147.62,-3339.4,3955.5,-57.6
49119000,-0.10,-1.32,1749.0,170.26,-3439.2,3858.4,-63.0
49120500,-0.12,-1.25,2035.3,149.57,-3328.2,3901.2,-58.6
49122000,-0.11,-1.29,1878.7,159.95,-3390.2,3876.0,-61.0
49123500,-0.11,-1.26,1998.4,151.12,-3332.4,3885.7,-59.0
49125000,-0.11,-1.26,2001.9,153.68,-3372.3,3921.8,-59.3
49126500,-0.11,-1.31,1890.2,152.89,-3297.7,3801.0,-60.2
49128000,-0.11,-1.28,1867.5,164.68,-3447.8,3921.1,-61.6
49129500,-0.11,-1.29,1904.0,155.95,-3349.6,3852.9,-60.4
49131000,-0.11,-1.32,1809.6,160.96,-3359.7,3816.0,-61.7
49132500,-0.11,-1.31,1852.2,157.93,-3345.7,3824.1,-61.0
49134000,-0.11,-1.31,1854.5,158.47,-3354.6,3833.1,-61.1
49135500,-0.11,-1.31,1827.8,162.73,-3395.5,3856.2,-61.7
49137000,-0.10,-1.29,1854.7,166.02,-3457.4,3923.5,-61.8
49138500,-0.11,-1.38,1692.1,161.34,-3284.0,3694.3,-62.7
49140000,-0.11,-1.36,1738.5,160.46,-3305.2,3734.5,-62.3
49141500,-0.11,-1.35,1725.0,165.08,-3355.6,3773.1,-62.8
49143000,-0.11,-1.34,1785.3,157.62,-3298.6,3750.7,-61.6
49144500,-0.11,-1.37,1728.5,159.32,-3283.2,3710.4,-62.2
49146000,-0.11,-1.35,1775.7,158.47,-3303.7,3750.6,-61.7
49147500,-0.11,-1.40,1640.5,163.72,-3276.6,3664.3,-63.4
49149000,-0.12,-1.37,1777.1,150.05,-3189.4,3651.1,-60.9
49150500,-0.11,-1.41,1623.8,163.44,-3260.6,3642.6,-63.5
49152000,-0.12,-1.36,1808.9,149.89,-3206.7,3681.7,-60.6
49153500,-0.11,-1.40,1636.1,163.97,-3276.3,3662.2,-63.5
49155000,-0.11,-1.37,1749.5,154.84,-3237.5,3680.0,-61.6
49156500,-0.11,-1.40,1659.1,161.38,-3260.8,3658.6,-63.0
49158000,-0.11,-1.40,1699.9,153.26,-3183.5,3608.9,-61.9
49159500,-0.11,-1.46,1539.7,163.18,-3192.2,3544.1,-64.2
49161000,-0.11,-1.43,1609.7,158.06,-3182.5,3566.4,-63.2
49162500,-0.11,-1.43,1586.2,162.45,-3219.7,3589.2,-63.8
49164000,-0.11,-1.41,1696.5,151.90,-3163.1,3589.3,-61.8
49165500,-0.11,-1.46,1531.2,162.42,-3176.2,3526.1,-64.3
49167000,-0.11,-1.48,1501.2,162.45,-3152.3,3491.5,-64.5
49168500,-0.11,-1.49,1503.4,159.20,-3115.3,3459.1,-64.2
49170000,-0.11,-1.45,1597.2,155.02,-3134.8,3518.2,-63.0
49171500,-0.11,-1.46,1539.8,162.36,-3182.3,3535.3,-64.2
49173000,-0.10,-1.50,1422.1,170.94,-3182.8,3486.0,-65.9
49174500,-0.11,-1.44,1584.8,160.27,-3191.6,3563.4,-63.6
49176000,-0.11,-1.52,1441.0,162.20,-3099.7,3418.3,-65.1
49177500,-0.11,-1.50,1498.9,159.04,-3109.8,3452.2,-64.3
49179000,-0.10,-1.48,1480.4,166.69,-3185.1,3512.3,-65.1
49180500,-0.11,-1.51,1491.8,156.89,-3078.2,3420.6,-64.1
49182000,-0.10,-1.52,1402.7,168.48,-3138.0,3437.2,-65.9
49183500,-0.10,-1.50,1445.7,166.52,-3153.6,3469.1,-65.4
49185000,-0.10,-1.57,1299.2,173.27,-3092.8,3354.7,-67.2
49186500,-0.11,-1.55,1416.5,158.75,-3038.8,3352.8,-65.0
49188000,-0.10,-1.56,1357.0,165.97,-3068.8,3355.4,-66.1
49189500,-0.11,-1.55,1372.0,165.11,-3072.7,3365.1,-65.9
49191000,-0.10,-1.57,1323.2,169.49,-3075.8,3348.3,-66.7
49192500,-0.10,-1.57,1344.7,167.02,-3069.1,3350.7,-66.3
49194000,-0.11,-1.59,1335.1,161.52,-2999.6,3283.3,-66.0
49195500,-0.10,-1.55,1355.2,168.47,-3094.6,3378.3,-66.4
49197000,-0.10,-1.56,1327.7,173.12,-3118.9,3389.7,-66.9
49198500,-0.10,-1.60,1280.2,171.35,-3054.1,3311.5,-67.3
49200000,-0.10,-1.61,1275.0,168.09,-3014.6,3273.1,-67.1
49201500,-0.10,-1.62,1224.0,175.48,-3039.6,3276.8,-68.1
49203000,-0.10,-1.61,1225.5,178.16,-3068.0,3303.7,-68.2
49204500,-0.10,-1.65,1189.3,175.38,-3002.1,3229.1,-68.4
49206000,-0.10,-1.63,1228.5,173.60,-3025.2,3265.2,-67.9
49207500,-0.10,-1.63,1244.6,168.82,-2992.4,3240.9,-67.4
49209000,-0.10,-1.66,1180.5,173.35,-2972.5,3198.3,-68.3
49210500,-0.10,-1.64,1206.1,174.15,-3007.5,3240.4,-68.1
49212000,-0.10,-1.65,1195.2,174.98,-3004.3,3233.3,-68.3
49213500,-0.10,-1.65,1176.2,177.39,-3007.8,3229.6,-68.6
49215000,-0.10,-1.68,1180.0,169.76,-2936.2,3164.4,-68.1
49216500,-0.10,-1.68,1187.5,167.29,-2919.0,3151.3,-67.9
49218000,-0.10,-1.64,1242.5,167.02,-2971.7,3221.0,-67.3
49219500,-0.10,-1.68,1134.4,178.20,-2969.6,3178.8,-69.1
49221000,-0.10,-1.67,1199.2,168.18,-2940.0,3175.2,-67.8
49222500,-0.10,-1.75,1086.7,172.49,-2861.6,3061.0,-69.2
49224000,-0.10,-1.66,1172.0,175.87,-2988.3,3209.9,-68.6
49225500,-0.10,-1.75,1088.9,172.37,-2863.0,3063.1,-69.2
49227000,-0.10,-1.73,1135.5,166.56,-2857.5,3074.8,-68.3
49228500,-0.10,-1.75,1102.6,168.84,-2844.4,3050.7,-68.8
49230000,-0.10,-1.73,1122.1,170.78,-2884.4,3095.0,-68.7
49231500,-0.10,-1.74,1107.4,169.98,-2860.7,3067.5,-68.8
49233000,-0.10,-1.74,1087.3,175.43,-2890.0,3087.8,-69.4
49234500,-0.10,-1.76,1079.0,171.01,-2838.9,3037.1,-69.2
49236000,-0.10,-1.76,1072.4,172.33,-2844.0,3039.5,-69.3
49237500,-0.10,-1.74,1088.2,174.80,-2885.1,3083.5,-69.3
49239000,-0.10,-1.73,1104.0,172.60,-2882.1,3086.3,-69.0
49240500,-0.10,-1.80,1000.3,180.24,-2830.6,3002.1,-70.5
49242000,-0.09,-1.79,994.1,184.05,-2856.2,3024.2,-70.8
49243500,-0.10,-1.78,1032.4,176.99,-2840.4,3022.2,-70.0
49245000,-0.10,-1.80,1041.5,170.84,-2794.6,2982.4,-69.6
49246500,-0.10,-1.81,1036.3,168.78,-2769.4,2956.9,-69.5
49248000,-0.10,-1.81,1003.7,177.41,-2809.6,2983.5,-70.3
49249500,-0.10,-1.83,975.6,178.33,-2783.0,2949.1,-70.7
49251000,-0.10,-1.83,988.4,176.69,-2784.4,2954.6,-70.5
49252500,-0.10,-1.82,996.8,176.15,-2790.0,2962.7,-70.3
49254000,-0.10,-1.80,1017.7,176.14,-2815.2,2993.5,-70.1
49255500,-0.10,-1.81,1037.4,169.28,-2775.3,2962.9,-69.5
49257000,-0.09,-1.85,906.1,190.62,-2795.2,2938.4,-72.0
49258500,-0.11,-1.83,1053.6,162.34,-2727.6,2924.0,-68.9
49260000,-0.10,-1.88,941.9,176.98,-2728.6,2886.6,-71.0
49261500,-0.10,-1.81,1019.9,174.23,-2800.4,2980.4,-70.0
49263000,-0.10,-1.89,911.7,180.94,-2723.0,2871.6,-71.5
49264500,-0.10,-1.84,967.2,177.74,-2767.3,2931.4,-70.7
49266000,-0.10,-1.89,917.9,179.67,-2720.5,2871.2,-71.4
49267500,-0.10,-1.87,932.3,180.79,-2748.9,2902.7,-71.3
49269000,-0.09,-1.90,891.5,184.72,-2727.0,2869.1,-71.9
49270500,-0.10,-1.93,898.5,175.97,-2663.8,2811.3,-71.4
49272000,-0.10,-1.90,901.3,182.03,-2718.2,2863.7,-71.7
49273500,-0.10,-1.94,866.5,182.48,-2674.5,2811.4,-72.0
49275000,-0.09,-1.91,879.2,184.71,-2710.1,2849.1,-72.0
49276500,-0.09,-1.94,844.0,188.70,-2692.4,2821.6,-72.6
49278000,-0.10,-1.90,927.1,176.31,-2703.9,2858.4,-71.1
49279500,-0.09,-1.93,855.6,186.49,-2691.4,2824.1,-72.4
49281000,-0.10,-1.95,876.6,176.81,-2641.8,2783.4,-71.6
49282500,-0.09,-1.98,782.1,197.19,-2664.1,2776.6,-73.6
49284000,-0.10,-1.92,902.2,176.42,-2672.5,2820.7,-71.3
49285500,-0.09,-1.95,857.8,183.26,-2668.7,2803.2,-72.2
49287000,-0.09,-1.92,872.1,184.80,-2701.0,2838.3,-72.1
49288500,-0.09,-1.98,795.9,193.42,-2657.4,2774.0,-73.3
49290000,-0.10,-1.98,866.1,174.36,-2607.4,2747.5,-71.6
49291500,-0.09,-2.01,777.3,192.42,-2621.5,2734.3,-73.5
49293000,-0.10,-1.97,888.3,171.22,-2610.3,2757.3,-71.2
49294500,-0.09,-2.00,753.8,200.40,-2642.4,2747.8,-74.1
49296000,-0.09,-1.99,786.8,193.67,-2645.2,2759.8,-73.4
49297500,-0.09,-2.04,744.3,196.35,-2598.2,2702.7,-74.0
49299000,-0.10,-1.99,847.9,176.21,-2598.0,2732.8,-71.9
49300500,-0.09,-2.05,729.7,198.32,-2588.6,2689.5,-74.3
49302000,-0.09,-2.06,771.5,184.33,-2552.0,2666.0,-73.2
49303500,-0.09,-2.06,728.7,196.83,-2576.5,2677.6,-74.2
49305000,-0.09,-2.04,742.1,196.34,-2594.6,2698.6,-74.0
49306500,-0.09,-2.07,723.7,196.73,-2567.6,2667.7,-74.3
49308000,-0.09,-2.06,761.8,187.31,-2559.7,2670.7,-73.4
49309500,-0.09,-2.08,736.8,190.79,-2546.3,2650.7,-73.9
49311000,-0.09,-2.07,747.0,188.89,-2548.4,2655.7,-73.7
49312500,-0.09,-2.04,744.0,194.98,-2587.9,2692.7,-74.0
49314000,-0.09,-2.08,717.4,196.19,-2553.6,2652.4,-74.3
49315500,-0.10,-2.09,767.9,178.50,-2502.4,2617.5,-72.9
49317000,-0.09,-2.09,730.4,190.28,-2532.4,2635.7,-73.9
49318500,-0.09,-2.13,721.6,184.24,-2474.7,2577.8,-73.7
49320000,-0.09,-2.17,643.6,203.02,-2473.3,2555.6,-75.4
49321500,-0.09,-2.11,704.4,193.65,-2514.3,2611.1,-74.3
49323000,-0.08,-2.11,669.6,206.08,-2539.6,2626.4,-75.2
49324500,-0.09,-2.12,698.9,193.13,-2501.6,2597.4,-74.4
49326000,-0.09,-2.15,680.5,194.28,-2478.8,2570.5,-74.7
49327500,-0.09,-2.14,684.5,194.40,-2486.4,2578.9,-74.6
49329000,-0.09,-2.16,647.9,202.76,-2479.2,2562.5,-75.4
49330500,-0.09,-2.18,691.3,184.17,-2426.0,2522.5,-74.1
49332000,-0.08,-2.17,631.0,208.44,-2485.2,2564.1,-75.8
49333500,-0.09,-2.18,649.8,198.28,-2453.1,2537.7,-75.2
49335000,-0.09,-2.19,642.0,200.21,-2452.0,2534.6,-75.3
49336500,-0.09,-2.17,690.2,188.09,-2451.9,2547.2,-74.3
49338000,-0.09,-2.22,620.3,201.33,-2420.1,2498.4,-75.6
49339500,-0.08,-2.18,626.8,206.26,-2463.5,2542.0,-75.7
49341000,-0.09,-2.20,633.7,200.01,-2435.8,2516.8,-75.4
49342500,-0.09,-2.22,651.1,190.42,-2402.7,2489.3,-74.8
49344000,-0.09,-2.25,612.7,199.19,-2392.5,2469.7,-75.6
49345500,-0.09,-2.20,675.8,185.73,-2411.8,2504.7,-74.3
49347000,-0.09,-2.23,648.0,190.56,-2398.4,2484.4,-74.9
49348500,-0.09,-2.21,635.5,198.61,-2430.0,2511.8,-75.3
49350000,-0.09,-2.25,646.7,187.09,-2372.5,2459.1,-74.8
49351500,-0.09,-2.25,620.8,196.52,-2390.0,2469.3,-75.4
49353000,-0.09,-2.24,614.5,199.30,-2396.5,2474.0,-75.6
49354500,-0.09,-2.27,592.7,202.13,-2374.0,2446.9,-76.0
49356000,-0.09,-2.29,603.2,195.20,-2349.6,2425.8,-75.6
49357500,-0.08,-2.29,535.2,221.72,-2375.7,2435.3,-77.3
49359000,-0.09,-2.31,601.7,190.97,-2319.6,2396.4,-75.5
49360500,-0.08,-2.33,541.9,212.28,-2335.7,2397.8,-76.9
49362000,-0.09,-2.28,620.0,190.31,-2348.0,2428.4,-75.2
49363500,-0.08,-2.38,532.5,206.72,-2284.3,2345.6,-76.9
49365000,-0.09,-2.33,577.6,197.42,-2316.4,2387.3,-76.0
49366500,-0.08,-2.35,545.2,207.21,-2312.7,2376.1,-76.7
49368000,-0.09,-2.32,576.3,199.53,-2327.0,2397.3,-76.1
49369500,-0.09,-2.35,572.5,195.21,-2292.9,2363.3,-76.0
49371000,-0.08,-2.34,544.1,209.31,-2322.8,2385.7,-76.8
49372500,-0.08,-2.36,533.6,209.42,-2302.1,2363.1,-77.0
49374000,-0.09,-2.38,539.3,204.30,-2283.7,2346.5,-76.7
49375500,-0.08,-2.39,502.0,219.42,-2292.0,2346.3,-77.6
49377000,-0.08,-2.40,501.6,217.33,-2279.6,2334.1,-77.6
49378500,-0.07,-2.38,472.4,235.24,-2308.9,2356.8,-78.4
49380000,-0.08,-2.36,534.6,209.76,-2306.1,2367.3,-76.9
49381500,-0.08,-2.35,540.6,208.10,-2308.8,2371.3,-76.8
49383000,-0.08,-2.38,521.9,211.96,-2292.7,2351.3,-77.2
49384500,-0.08,-2.41,510.6,209.85,-2257.1,2314.2,-77.3
49386000,-0.08,-2.41,521.7,206.51,-2261.0,2320.4,-77.0
49387500,-0.09,-2.38,548.9,198.81,-2270.0,2335.4,-76.4
49389000,-0.08,-2.46,463.3,223.96,-2229.6,2277.3,-78.3
49390500,-0.08,-2.45,482.2,216.91,-2234.9,2286.3,-77.8
49392000,-0.07,-2.44,450.5,235.44,-2257.9,2302.4,-78.7
49393500,-0.08,-2.45,508.7,204.74,-2224.1,2281.5,-77.1
49395000,-0.08,-2.50,461.7,218.62,-2198.1,2246.0,-78.1
49396500,-0.08,-2.46,451.0,230.47,-2234.0,2279.1,-78.6
49398000,-0.08,-2.46,470.9,220.64,-2229.5,2278.7,-78.1
49399500,-0.08,-2.47,499.2,205.35,-2207.6,2263.3,-77.3
49401000,-0.08,-2.49,452.7,224.40,-2207.3,2253.2,-78.4
49402500,-0.08,-2.47,488.8,209.64,-2209.6,2263.0,-77.5
49404000,-0.08,-2.49,467.8,216.92,-2202.8,2251.9,-78.0
49405500,-0.08,-2.52,475.6,207.97,-2171.9,2223.3,-77.6
49407000,-0.07,-2.55,418.3,232.64,-2165.2,2205.2,-79.1
49408500,-0.08,-2.51,479.7,206.53,-2172.7,2225.0,-77.6
49410000,-0.08,-2.55,441.6,218.89,-2153.2,2198.0,-78.4
49411500,-0.08,-2.54,469.4,206.39,-2149.7,2200.4,-77.7
49413000,-0.08,-2.53,469.3,208.97,-2163.5,2213.8,-77.8
49414500,-0.08,-2.53,439.4,224.99,-2178.9,2222.8,-78.6
49416000,-0.07,-2.54,419.4,234.02,-2174.7,2214.8,-79.1
49417500,-0.08,-2.54,448.7,217.24,-2161.0,2207.1,-78.3
49419000,-0.08,-2.59,427.8,220.17,-2126.9,2169.5,-78.6
49420500,-0.08,-2.56,457.3,209.27,-2138.6,2187.0,-77.9
49422000,-0.08,-2.59,427.1,220.70,-2128.0,2170.4,-78.7
49423500,-0.08,-2.64,425.5,212.51,-2082.6,2125.6,-78.5
49425000,-0.08,-2.63,444.8,204.86,-2087.0,2133.9,-78.0
49426500,-0.08,-2.62,424.0,215.95,-2096.7,2139.1,-78.6
49428000,-0.09,-2.59,466.2,200.40,-2110.0,2160.9,-77.5
49429500,-0.08,-2.68,417.2,211.24,-2056.8,2098.7,-78.5
49431000,-0.08,-2.65,414.4,217.33,-2080.7,2121.5,-78.7
49432500,-0.08,-2.66,408.8,218.10,-2070.8,2110.7,-78.8
49434000,-0.08,-2.62,400.2,231.11,-2112.4,2150.0,-79.3
49435500,-0.08,-2.67,395.4,224.65,-2069.4,2106.8,-79.2
49437000,-0.08,-2.63,419.3,217.64,-2094.0,2135.6,-78.7
49438500,-0.08,-2.71,379.0,228.25,-2044.4,2079.2,-79.5
49440000,-0.08,-2.64,424.1,213.86,-2086.2,2128.9,-78.5
49441500,-0.08,-2.68,400.9,220.43,-2062.8,2101.4,-79.0
49443000,-0.08,-2.69,398.2,219.80,-2053.0,2091.3,-79.0
49444500,-0.08,-2.67,390.6,227.85,-2072.5,2109.0,-79.3
49446000,-0.08,-2.70,385.1,226.72,-2052.9,2088.7,-79.4
49447500,-0.08,-2.72,375.6,228.18,-2035.1,2069.5,-79.5
49449000,-0.08,-2.71,378.8,228.10,-2043.0,2077.9,-79.5
49450500,-0.07,-2.69,348.7,253.63,-2073.1,2102.3,-80.5
49452000,-0.08,-2.73,371.2,229.71,-2030.6,2064.2,-79.6
49453500,-0.08,-2.71,386.6,223.06,-2039.6,2075.9,-79.3
49455000,-0.07,-2.75,351.8,238.71,-2018.2,2048.6,-80.1
49456500,-0.08,-2.74,396.0,213.02,-2014.7,2053.2,-78.9
49458000,-0.07,-2.76,356.5,234.19,-2011.2,2042.6,-79.9
49459500,-0.08,-2.77,368.6,224.90,-2001.8,2035.4,-79.6
49461000,-0.08,-2.76,365.1,228.92,-2010.8,2043.7,-79.7
49462500,-0.08,-2.76,365.5,228.95,-2012.0,2044.9,-79.7
49464000,-0.08,-2.80,350.1,231.24,-1980.6,2011.3,-80.0
49465500,-0.08,-2.78,359.5,228.94,-1995.9,2028.0,-79.8
49467000,-0.07,-2.82,330.5,242.52,-1973.7,2001.2,-80.5
49468500,-0.07,-2.77,340.5,243.88,-2008.5,2037.2,-80.4
49470000,-0.08,-2.79,370.8,220.06,-1984.9,2019.2,-79.4
49471500,-0.08,-2.82,355.5,225.17,-1968.3,2000.1,-79.8
49473000,-0.07,-2.86,319.7,245.42,-1954.0,1980.0,-80.7
49474500,-0.08,-2.77,370.7,222.51,-1996.0,2030.1,-79.5
49476000,-0.08,-2.83,355.2,222.78,-1956.4,1988.4,-79.7
49477500,-0.08,-2.85,350.4,223.35,-1946.3,1977.6,-79.8
49479000,-0.08,-2.92,325.4,230.56,-1908.6,1936.1,-80.3
49480500,-0.07,-2.84,333.6,237.63,-1962.1,1990.3,-80.4
49482000,-0.07,-2.85,319.1,246.52,-1956.7,1982.5,-80.7
49483500,-0.07,-2.87,323.4,240.10,-1943.0,1969.8,-80.6
49485000,-0.07,-2.90,306.0,248.27,-1924.2,1948.4,-81.0
49486500,-0.08,-2.88,335.2,229.26,-1930.6,1959.5,-80.2
49488000,-0.08,-2.91,333.2,225.26,-1907.6,1936.5,-80.1
49489500,-0.07,-2.89,326.2,233.98,-1925.4,1952.8,-80.4
49491000,-0.07,-2.91,315.8,239.71,-1919.0,1944.8,-80.7
49492500,-0.07,-2.90,295.3,258.75,-1931.4,1953.8,-81.3
49494000,-0.08,-2.91,333.2,226.18,-1911.7,1940.6,-80.1
49495500,-0.07,-2.96,289.3,253.34,-1891.8,1913.8,-81.3
49497000,-0.08,-2.96,334.9,217.58,-1878.6,1908.2,-79.9
49498500,-0.07,-2.96,311.0,234.07,-1881.7,1907.3,-80.6
49500000,-0.08,-2.93,343.8,215.80,-1894.5,1925.4,-79.7
49501500,-0.08,-2.98,317.5,226.78,-1870.1,1896.8,-80.4
49503000,-0.07,-2.93,302.0,246.65,-1905.5,1929.3,-81.0
49504500,-0.07,-2.97,301.8,241.19,-1883.2,1907.2,-80.9
49506000,-0.08,-2.96,321.7,226.82,-1882.2,1909.5,-80.3
49507500,-0.08,-3.00,308.7,230.30,-1859.1,1884.6,-80.6
49509000,-0.08,-2.96,332.7,218.91,-1878.5,1907.7,-80.0
49510500,-0.07,-2.99,275.7,261.52,-1878.0,1898.2,-81.6
49512000,-0.07,-2.98,278.3,259.55,-1879.2,1899.6,-81.6
49513500,-0.07,-3.01,277.3,254.84,-1858.6,1879.2,-81.5
49515000,-0.07,-2.97,278.6,260.75,-1884.6,1905.1,-81.6
49516500,-0.07,-2.99,290.9,246.42,-1870.1,1892.6,-81.2
49518000,-0.07,-3.03,284.2,246.62,-1849.6,1871.3,-81.3
49519500,-0.07,-3.02,269.7,261.18,-1856.5,1876.0,-81.7
49521000,-0.07,-3.03,268.1,260.71,-1849.6,1868.9,-81.8
49522500,-0.07,-3.04,299.7,231.73,-1838.6,1862.8,-80.7
49524000,-0.07,-3.04,295.6,234.42,-1837.2,1860.8,-80.9
49525500,-0.07,-3.04,268.2,258.99,-1843.6,1863.0,-81.7
49527000,-0.07,-3.08,259.0,261.53,-1821.2,1839.5,-81.9
49528500,-0.07,-3.11,269.8,246.75,-1803.6,1823.7,-81.5
49530000,-0.07,-3.10,274.1,244.17,-1807.9,1828.5,-81.4
49531500,-0.07,-3.10,287.2,232.27,-1802.9,1825.6,-80.9
49533000,-0.07,-3.11,256.9,258.56,-1803.5,1821.7,-81.9
49534500,-0.07,-3.09,270.5,247.91,-1810.4,1830.5,-81.5
49536000,-0.07,-3.14,245.7,266.20,-1791.0,1807.8,-82.2
49537500,-0.07,-3.11,249.2,266.56,-1804.7,1821.8,-82.1
49539000,-0.07,-3.17,241.2,266.25,-1775.0,1791.3,-82.3
49540500,-0.07,-3.10,273.9,244.04,-1806.9,1827.5,-81.4
49542000,-0.07,-3.11,265.9,250.39,-1804.2,1823.7,-81.6
49543500,-0.07,-3.14,260.7,250.70,-1788.1,1807.0,-81.7
49545000,-0.06,-3.19,223.7,283.85,-1767.0,1781.1,-82.8
49546500,-0.07,-3.13,273.6,239.44,-1788.5,1809.3,-81.3
49548000,-0.07,-3.15,258.9,249.98,-1779.4,1798.1,-81.7
49549500,-0.06,-3.19,233.7,271.65,-1765.4,1780.8,-82.5
49551000,-0.06,-3.20,224.3,281.06,-1760.5,1774.7,-82.7
49552500,-0.06,-3.19,223.9,284.07,-1768.3,1782.4,-82.8
49554000,-0.07,-3.20,242.1,259.62,-1755.6,1772.2,-82.1
49555500,-0.07,-3.21,264.7,236.01,-1746.8,1766.7,-81.4
49557000,-0.07,-3.19,240.1,263.92,-1763.2,1779.5,-82.2
49558500,-0.06,-3.21,222.7,282.40,-1758.7,1772.7,-82.8
49560000,-0.07,-3.18,255.7,248.67,-1763.9,1782.3,-81.8
49561500,-0.06,-3.23,225.5,274.39,-1743.8,1758.3,-82.6
49563000,-0.07,-3.27,226.6,266.29,-1721.5,1736.3,-82.5
49564500,-0.06,-3.25,225.1,271.24,-1731.8,1746.4,-82.6
49566000,-0.07,-3.20,236.1,266.45,-1757.1,1772.9,-82.3
49567500,-0.07,-3.23,235.6,262.31,-1741.1,1757.0,-82.3
49569000,-0.06,-3.28,223.0,269.59,-1718.8,1733.2,-82.6
49570500,-0.06,-3.29,216.3,275.37,-1711.4,1725.0,-82.8
49572000,-0.07,-3.25,237.1,257.12,-1729.1,1745.3,-82.2
49573500,-0.07,-3.31,228.0,258.57,-1700.8,1716.0,-82.4
49575000,-0.06,-3.29,210.9,283.77,-1716.2,1729.1,-83.0
49576500,-0.07,-3.27,234.7,256.68,-1719.0,1734.9,-82.2
49578000,-0.06,-3.32,209.3,280.28,-1698.9,1711.7,-83.0
49579500,-0.06,-3.30,202.8,292.40,-1709.4,1721.3,-83.2
49581000,-0.06,-3.35,204.5,282.42,-1686.2,1698.5,-83.1
49582500,-0.06,-3.32,197.3,298.41,-1703.8,1715.2,-83.4
49584000,-0.07,-3.31,221.2,266.36,-1701.3,1715.6,-82.6
49585500,-0.07,-3.37,221.2,256.22,-1668.2,1682.8,-82.4
49587000,-0.06,-3.32,208.0,281.67,-1698.0,1710.7,-83.0
49588500,-0.06,-3.37,205.9,276.52,-1673.8,1686.5,-83.0
49590000,-0.07,-3.32,230.2,253.87,-1693.1,1708.6,-82.3
49591500,-0.07,-3.34,227.5,253.71,-1682.6,1697.9,-82.3
49593000,-0.06,-3.36,205.8,279.12,-1681.6,1694.2,-83.0
49594500,-0.07,-3.38,219.2,257.70,-1665.5,1679.8,-82.5
49596000,-0.06,-3.42,186.1,297.09,-1651.6,1662.1,-83.6
49597500,-0.07,-3.40,215.9,258.59,-1656.1,1670.1,-82.6
49599000,-0.06,-3.43,192.4,286.07,-1646.8,1658.0,-83.3
49600500,-0.07,-3.38,212.7,266.45,-1669.0,1682.5,-82.7
49602000,-0.06,-3.41,185.4,300.56,-1658.1,1668.4,-83.6
49603500,-0.06,-3.40,203.0,276.28,-1661.6,1674.0,-83.0
49605000,-0.07,-3.42,215.9,255.97,-1647.6,1661.6,-82.5
49606500,-0.06,-3.43,191.6,287.55,-1647.9,1659.0,-83.4
49608000,-0.06,-3.42,191.3,289.78,-1653.0,1664.0,-83.4
49609500,-0.06,-3.44,197.9,276.41,-1641.3,1653.2,-83.1
49611000,-0.06,-3.46,186.0,290.69,-1633.0,1643.6,-83.5
49612500,-0.06,-3.46,186.8,290.38,-1635.6,1646.2,-83.5
49614000,-0.06,-3.52,180.0,291.09,-1607.6,1617.6,-83.6
49615500,-0.07,-3.47,204.6,262.16,-1624.2,1637.1,-82.8
49617000,-0.06,-3.51,192.7,273.00,-1609.5,1621.0,-83.2
49618500,-0.06,-3.47,191.7,281.47,-1630.5,1641.7,-83.3
49620000,-0.06,-3.53,169.6,307.27,-1604.3,1613.2,-84.0
49621500,-0.06,-3.46,184.7,293.62,-1635.5,1645.9,-83.6
49623000,-0.06,-3.50,173.1,306.77,-1619.5,1628.8,-83.9
49624500,-0.05,-3.49,166.9,319.63,-1623.7,1632.3,-84.1
49626000,-0.06,-3.54,182.0,283.82,-1596.2,1606.5,-83.5
49627500,-0.06,-3.51,178.7,295.05,-1613.1,1623.0,-83.7
49629000,-0.05,-3.49,169.0,316.31,-1625.4,1634.1,-84.1
49630500,-0.06,-3.54,164.1,315.78,-1600.3,1608.7,-84.1
49632000,-0.06,-3.57,175.9,289.53,-1585.3,1595.0,-83.7
49633500,-0.06,-3.53,174.9,297.68,-1603.1,1612.6,-83.8
49635000,-0.06,-3.53,168.9,309.26,-1606.4,1615.2,-84.0
49636500,-0.06,-3.58,164.5,308.85,-1584.4,1592.9,-84.1
49638000,-0.05,-3.57,160.1,318.82,-1588.6,1596.6,-84.2
49639500,-0.05,-3.62,153.5,323.55,-1567.5,1575.0,-84.4
49641000,-0.05,-3.59,152.7,330.28,-1580.1,1587.4,-84.5
49642500,-0.06,-3.60,175.8,284.26,-1570.1,1579.9,-83.6
49644000,-0.06,-3.59,175.6,285.99,-1573.9,1583.7,-83.6
49645500,-0.05,-3.62,146.3,339.13,-1567.7,1574.5,-84.7
49647000,-0.06,-3.60,184.3,271.69,-1570.6,1581.4,-83.3
49648500,-0.06,-3.63,182.7,268.95,-1556.2,1566.9,-83.3
49650000,-0.06,-3.64,174.4,281.47,-1556.0,1565.7,-83.6
49651500,-0.05,-3.67,148.1,325.67,-1544.8,1551.9,-84.5
49653000,-0.06,-3.63,175.1,281.61,-1559.8,1569.6,-83.6
49654500,-0.05,-3.71,148.4,318.25,-1528.7,1535.9,-84.5
49656000,-0.06,-3.69,156.9,303.48,-1534.3,1542.3,-84.2
49657500,-0.06,-3.67,157.3,306.98,-1544.9,1552.9,-84.2
49659000,-0.06,-3.64,164.0,298.51,-1554.9,1563.6,-84.0
49660500,-0.06,-3.67,154.8,311.35,-1543.6,1551.3,-84.3
49662000,-0.06,-3.70,154.8,306.92,-1532.8,1540.6,-84.2
49663500,-0.06,-3.68,167.9,286.05,-1539.7,1548.8,-83.8
49665000,-0.05,-3.69,149.3,319.86,-1537.2,1544.4,-84.5
49666500,-0.06,-3.76,158.4,290.69,-1508.4,1516.7,-84.0
49668000,-0.05,-3.72,136.8,343.94,-1526.9,1533.0,-84.9
49669500,-0.05,-3.71,146.9,322.51,-1531.3,1538.3,-84.5
49671000,-0.05,-3.74,132.0,353.68,-1521.4,1527.2,-85.0
49672500,-0.06,-3.73,149.6,311.90,-1519.4,1526.8,-84.4
49674000,-0.06,-3.76,147.7,311.29,-1508.0,1515.2,-84.4
49675500,-0.06,-3.73,156.2,298.50,-1517.8,1525.9,-84.1
49677000,-0.05,-3.73,143.3,325.79,-1520.5,1527.2,-84.6
49678500,-0.06,-3.75,154.2,300.33,-1513.0,1520.8,-84.2
49680000,-0.05,-3.81,139.1,322.84,-1491.2,1497.7,-84.7
49681500,-0.05,-3.78,143.0,318.43,-1501.0,1507.8,-84.6
49683000,-0.05,-3.83,130.0,341.00,-1482.5,1488.2,-85.0
49684500,-0.06,-3.79,150.0,301.23,-1494.5,1502.0,-84.3
49686000,-0.05,-3.79,139.5,325.30,-1498.8,1505.3,-84.7
49687500,-0.06,-3.77,145.6,313.73,-1503.2,1510.2,-84.5
49689000,-0.06,-3.84,146.1,302.58,-1478.8,1486.0,-84.4
49690500,-0.05,-3.83,121.7,366.41,-1487.1,1492.1,-85.3
49692000,-0.05,-3.84,133.5,331.26,-1480.4,1486.4,-84.8
49693500,-0.05,-3.80,127.9,352.51,-1495.1,1500.6,-85.1
49695000,-0.05,-3.84,137.0,322.30,-1478.6,1484.9,-84.7
49696500,-0.05,-3.87,131.7,330.21,-1467.9,1473.8,-84.9
49698000,-0.06,-3.87,141.2,307.43,-1465.7,1472.5,-84.5
49699500,-0.05,-3.85,126.4,348.28,-1477.4,1482.8,-85.1
49701000,-0.05,-3.87,128.9,337.09,-1467.2,1472.8,-85.0
49702500,-0.05,-3.88,133.8,322.98,-1463.0,1469.1,-84.8
49704000,-0.05,-3.88,135.0,321.00,-1465.1,1471.4,-84.7
49705500,-0.05,-3.87,131.0,332.84,-1470.0,1475.8,-84.9
49707000,-0.05,-3.89,132.5,325.27,-1461.1,1467.1,-84.8
49708500,-0.04,-3.89,110.9,389.21,-1463.8,1468.0,-85.7
49710000,-0.05,-3.93,128.9,327.40,-1446.1,1451.9,-84.9
49711500,-0.05,-3.93,128.9,328.02,-1447.4,1453.1,-84.9
49713000,-0.06,-3.89,144.4,298.34,-1459.7,1466.8,-84.4
49714500,-0.06,-3.94,137.6,304.64,-1440.4,1446.9,-84.5
49716000,-0.05,-3.93,133.6,316.29,-1446.4,1452.6,-84.7
49717500,-0.05,-3.97,112.2,369.39,-1434.3,1438.7,-85.5
49719000,-0.05,-3.95,120.1,348.33,-1440.2,1445.2,-85.2
49720500,-0.05,-3.95,123.2,338.93,-1438.6,1443.8,-85.1
49722000,-0.05,-3.96,119.5,348.44,-1437.3,1442.2,-85.2
49723500,-0.05,-3.99,113.8,359.73,-1425.0,1429.5,-85.4
49725000,-0.05,-3.94,125.9,332.98,-1441.4,1446.9,-85.0
49726500,-0.05,-3.98,113.9,361.89,-1430.1,1434.6,-85.4
49728000,-0.05,-4.00,121.1,336.96,-1422.6,1427.8,-85.1
49729500,-0.05,-4.03,109.1,369.35,-1414.1,1418.3,-85.6
49731000,-0.05,-4.00,111.4,366.77,-1424.2,1428.5,-85.5
49732500,-0.05,-4.02,115.3,349.53,-1413.7,1418.4,-85.3
49734000,-0.05,-4.05,109.9,361.59,-1404.4,1408.7,-85.5
49735500,-0.05,-4.01,123.5,327.91,-1416.7,1422.1,-85.0
49737000,-0.05,-4.07,116.9,337.37,-1398.4,1403.2,-85.2
49738500,-0.05,-4.02,118.9,339.76,-1415.2,1420.2,-85.2
49740000,-0.04,-4.06,100.1,395.56,-1402.3,1405.9,-85.9
49741500,-0.04,-4.07,97.0,406.13,-1399.1,1402.5,-86.0
49743000,-0.04,-4.06,101.5,390.38,-1403.0,1406.7,-85.9
49744500,-0.05,-4.05,110.2,360.91,-1405.1,1409.4,-85.5
49746000,-0.04,-4.12,99.3,386.89,-1381.8,1385.4,-85.9
49747500,-0.05,-4.08,118.5,331.21,-1394.9,1399.9,-85.1
49749000,-0.05,-4.11,101.0,381.92,-1384.4,1388.1,-85.8
49750500,-0.04,-4.11,93.9,411.88,-1386.8,1390.0,-86.1
49752000,-0.05,-4.12,102.3,376.37,-1382.6,1386.4,-85.8
49753500,-0.05,-4.10,103.2,376.45,-1388.9,1392.7,-85.8
49755000,-0.05,-4.14,105.8,359.70,-1374.5,1378.5,-85.6
49756500,-0.05,-4.08,113.4,344.81,-1393.0,1397.6,-85.3
49758000,-0.05,-4.15,106.7,354.77,-1370.8,1375.0,-85.5
49759500,-0.04,-4.13,94.3,405.93,-1379.5,1382.8,-86.1
49761000,-0.04,-4.16,94.4,400.43,-1370.3,1373.6,-86.1
49762500,-0.05,-4.10,108.8,356.25,-1386.9,1391.1,-85.5
49764000,-0.05,-4.19,99.4,375.22,-1360.8,1364.4,-85.8
49765500,-0.05,-4.16,105.5,357.16,-1367.8,1371.9,-85.6
49767000,-0.05,-4.18,109.1,342.60,-1361.7,1366.0,-85.4
49768500,-0.05,-4.17,99.3,379.03,-1367.2,1370.8,-85.8
49770000,-0.05,-4.17,105.3,356.17,-1364.5,1368.6,-85.6
49771500,-0.05,-4.21,99.6,370.24,-1353.3,1357.0,-85.8
49773000,-0.05,-4.21,99.4,370.37,-1352.0,1355.7,-85.8
49774500,-0.05,-4.23,96.5,377.56,-1345.6,1349.0,-85.9
49776000,-0.04,-4.23,88.8,411.00,-1347.0,1349.9,-86.2
49777500,-0.04,-4.23,90.0,406.11,-1347.7,1350.7,-86.2
49779000,-0.05,-4.19,99.9,372.07,-1358.9,1362.6,-85.8
49780500,-0.04,-4.29,81.0,438.83,-1329.6,1332.1,-86.5
49782000,-0.04,-4.26,91.0,396.19,-1338.4,1341.4,-86.1
49783500,-0.04,-4.29,81.9,433.43,-1329.1,1331.6,-86.5
49785000,-0.05,-4.25,95.4,379.79,-1341.3,1344.7,-85.9
49786500,-0.04,-4.30,87.1,407.26,-1327.6,1330.5,-86.2
49788000,-0.04,-4.27,90.3,397.49,-1335.6,1338.7,-86.1
49789500,-0.04,-4.28,80.2,444.54,-1331.9,1334.3,-86.6
49791000,-0.05,-4.32,91.0,385.79,-1320.8,1323.9,-86.1
49792500,-0.04,-4.34,80.8,430.96,-1316.0,1318.4,-86.5
49794000,-0.05,-4.30,93.4,377.89,-1324.4,1327.7,-86.0
49795500,-0.04,-4.36,79.2,434.29,-1308.3,1310.7,-86.5
49797000,-0.04,-4.31,89.0,395.35,-1322.3,1325.3,-86.2
49798500,-0.04,-4.34,75.6,460.30,-1316.3,1318.5,-86.7
49800000,-0.04,-4.32,83.7,419.68,-1321.8,1324.4,-86.4
49801500,-0.04,-4.37,79.8,429.40,-1305.3,1307.7,-86.5
49803000,-0.05,-4.36,93.2,369.83,-1308.3,1311.6,-85.9
49804500,-0.05,-4.40,92.2,366.88,-1296.0,1299.2,-85.9
49806000,-0.04,-4.39,83.4,407.26,-1299.8,1302.4,-86.3
49807500,-0.04,-4.41,77.4,435.06,-1294.7,1297.0,-86.6
49809000,-0.03,-4.39,62.1,546.65,-1300.7,1302.2,-87.3
49810500,-0.04,-4.43,74.0,451.34,-1289.0,1291.1,-86.7
49812000,-0.04,-4.43,79.0,422.86,-1288.9,1291.3,-86.5
49813500,-0.04,-4.39,77.6,437.33,-1299.4,1301.7,-86.6
49815000,-0.03,-4.41,65.7,511.63,-1294.1,1295.8,-87.1
49816500,-0.03,-4.44,66.2,503.22,-1287.6,1289.3,-87.1
49818000,-0.04,-4.48,68.2,477.85,-1273.6,1275.5,-86.9
49819500,-0.04,-4.41,86.1,389.60,-1291.5,1294.3,-86.2
49821000,-0.03,-4.49,65.4,497.34,-1272.9,1274.6,-87.1
49822500,-0.04,-4.45,70.0,473.24,-1284.4,1286.3,-86.9
49824000,-0.04,-4.50,71.7,451.83,-1269.4,1271.4,-86.8
49825500,-0.04,-4.46,68.2,484.05,-1281.8,1283.6,-87.0
49827000,-0.04,-4.49,78.1,415.46,-1270.0,1272.4,-86.5
49828500,-0.04,-4.47,67.5,484.80,-1276.2,1278.0,-87.0
49830000,-0.04,-4.52,77.4,412.79,-1260.9,1263.3,-86.5
49831500,-0.04,-4.52,67.4,475.71,-1262.9,1264.7,-86.9
49833000,-0.03,-4.53,64.2,497.30,-1261.2,1262.8,-87.1
49834500,-0.04,-4.49,69.3,469.81,-1272.6,1274.5,-86.9
49836000,-0.04,-4.51,73.8,436.51,-1266.1,1268.3,-86.7
49837500,-0.04,-4.53,75.9,419.65,-1258.7,1261.0,-86.5
49839000,-0.04,-4.55,75.2,420.92,-1254.9,1257.2,-86.6
49840500,-0.04,-4.58,68.0,458.41,-1245.8,1247.7,-86.9
49842000,-0.04,-4.52,75.7,422.58,-1261.6,1263.8,-86.6
49843500,-0.04,-4.58,70.8,440.55,-1245.8,1247.8,-86.7
49845000,-0.04,-4.54,73.2,434.18,-1257.3,1259.5,-86.7
49846500,-0.04,-4.59,73.6,422.39,-1243.2,1245.3,-86.6
49848000,-0.04,-4.59,69.1,449.16,-1243.2,1245.2,-86.8
49849500,-0.03,-4.60,56.2,552.39,-1243.4,1244.7,-87.4
49851000,-0.04,-4.59,66.9,464.09,-1243.2,1244.9,-86.9
49852500,-0.04,-4.62,73.4,418.19,-1235.9,1238.1,-86.6
49854000,-0.03,-4.60,57.9,534.11,-1241.6,1243.0,-87.3
49855500,-0.03,-4.66,48.4,624.79,-1227.5,1228.4,-87.7
49857000,-0.04,-4.65,62.4,486.49,-1229.1,1230.6,-87.1
49858500,-0.04,-4.65,62.6,484.39,-1228.6,1230.1,-87.1
49860000,-0.04,-4.64,66.7,455.65,-1230.3,1232.1,-86.9
49861500,-0.03,-4.73,54.5,538.06,-1208.9,1210.1,-87.4
49863000,-0.04,-4.63,68.1,447.70,-1232.0,1233.8,-86.8
49864500,-0.04,-4.70,60.2,493.64,-1216.6,1218.1,-87.2
49866000,-0.03,-4.70,54.1,549.53,-1216.7,1217.9,-87.5
49867500,-0.03,-4.69,55.5,536.43,-1217.4,1218.7,-87.4
49869000,-0.03,-4.69,55.7,535.00,-1218.9,1220.1,-87.4
49870500,-0.03,-4.71,58.8,503.50,-1214.2,1215.6,-87.2
49872000,-0.03,-4.69,57.7,516.28,-1217.7,1219.1,-87.3
49873500,-0.03,-4.71,45.9,643.64,-1213.1,1213.9,-87.8
49875000,-0.04,-4.74,63.4,459.93,-1205.0,1206.7,-87.0
49876500,-0.04,-4.73,60.6,483.20,-1207.7,1209.2,-87.1
49878000,-0.03,-4.75,53.2,546.15,-1203.2,1204.3,-87.5
49879500,-0.03,-4.73,57.3,511.97,-1208.7,1210.1,-87.3
49881000,-0.03,-4.74,58.6,497.37,-1205.2,1206.6,-87.2
49882500,-0.04,-4.75,59.9,484.70,-1202.1,1203.6,-87.1
49884000,-0.03,-4.76,50.8,569.36,-1201.0,1202.1,-87.6
49885500,-0.04,-4.80,57.7,493.71,-1191.3,1192.7,-87.2
49887000,-0.03,-4.81,45.9,618.09,-1189.0,1189.9,-87.8
49888500,-0.03,-4.78,53.4,537.39,-1195.3,1196.5,-87.4
49890000,-0.03,-4.80,44.0,648.15,-1192.2,1193.0,-87.9
49891500,-0.04,-4.83,61.4,457.28,-1182.2,1183.8,-87.0
49893000,-0.03,-4.82,56.2,503.02,-1186.1,1187.4,-87.3
49894500,-0.03,-4.81,53.2,532.50,-1187.6,1188.8,-87.4
49896000,-0.03,-4.83,55.6,505.21,-1183.1,1184.4,-87.3
49897500,-0.03,-4.86,55.4,501.42,-1176.2,1177.5,-87.3
49899000,-0.03,-4.85,44.5,627.07,-1179.1,1180.0,-87.8
49900500,-0.03,-4.84,55.7,502.50,-1180.2,1181.5,-87.3
49902000,-0.03,-4.88,47.2,583.58,-1172.0,1172.9,-87.7
49903500,-0.03,-4.88,46.7,589.34,-1170.9,1171.8,-87.7
49905000,-0.03,-4.88,43.1,638.51,-1171.4,1172.2,-87.9
49906500,-0.03,-4.86,51.9,535.04,-1176.5,1177.6,-87.5
49908000,-0.03,-4.90,54.1,505.78,-1167.0,1168.3,-87.3
49909500,-0.03,-4.89,53.2,516.10,-1169.5,1170.7,-87.4
49911000,-0.03,-4.91,44.3,614.30,-1164.3,1165.2,-87.8
49912500,-0.03,-4.89,51.2,534.88,-1167.6,1168.7,-87.5
49914000,-0.03,-4.92,52.8,514.05,-1162.6,1163.8,-87.4
49915500,-0.03,-4.94,46.7,574.74,-1156.8,1157.8,-87.7
49917000,-0.03,-4.95,53.7,499.18,-1155.2,1156.5,-87.3
49918500,-0.03,-4.93,39.0,694.01,-1161.0,1161.7,-88.1
49920000,-0.03,-4.96,51.3,520.86,-1153.3,1154.4,-87.5
49921500,-0.03,-4.97,52.6,504.71,-1149.7,1150.9,-87.4
49923000,-0.03,-4.97,45.4,584.79,-1149.7,1150.6,-87.7
49924500,-0.03,-4.96,48.6,547.80,-1151.3,1152.3,-87.6
49926000,-0.03,-5.02,43.6,597.04,-1139.4,1140.3,-87.8
49927500,-0.03,-5.04,43.7,590.12,-1133.9,1134.8,-87.8
49929000,-0.03,-5.00,44.3,591.38,-1142.9,1143.7,-87.8
49930500,-0.03,-5.00,46.5,564.78,-1143.3,1144.2,-87.7
49932000,-0.03,-4.97,41.8,636.74,-1151.2,1151.9,-87.9
49933500,-0.02,-5.05,33.9,760.58,-1133.1,1133.6,-88.3
49935000,-0.03,-5.04,45.4,568.16,-1134.0,1135.0,-87.7
49936500,-0.03,-5.06,45.9,557.22,-1128.7,1129.6,-87.7
49938000,-0.02,-5.06,36.3,704.84,-1129.3,1129.9,-88.2
49939500,-0.03,-5.04,39.8,648.40,-1134.3,1135.0,-88.0
49941000,-0.03,-5.06,39.8,642.28,-1129.2,1129.9,-88.0
49942500,-0.03,-5.07,39.7,642.99,-1128.3,1129.0,-88.0
49944000,-0.03,-5.05,38.5,667.74,-1132.1,1132.8,-88.1
49945500,-0.02,-5.07,35.7,715.12,-1128.5,1129.1,-88.2
49947000,-0.03,-5.09,37.5,676.04,-1124.7,1125.4,-88.1
49948500,-0.03,-5.10,38.8,651.24,-1121.7,1122.4,-88.0
49950000,-0.03,-5.09,42.1,601.87,-1123.6,1124.4,-87.9
49951500,-0.03,-5.09,40.6,622.97,-1123.2,1124.0,-87.9
49953000,-0.03,-5.12,36.7,683.13,-1117.8,1118.4,-88.1
49954500,-0.03,-5.10,46.4,543.18,-1120.3,1121.3,-87.6
49956000,-0.03,-5.12,45.4,550.63,-1116.0,1116.9,-87.7
49957500,-0.03,-5.13,40.8,611.97,-1115.3,1116.1,-87.9
49959000,-0.02,-5.17,31.0,791.39,-1106.1,1106.6,-88.4
49960500,-0.03,-5.14,36.4,682.96,-1112.6,1113.2,-88.1
49962000,-0.02,-5.20,30.5,796.08,-1100.7,1101.1,-88.4
49963500,-0.03,-5.14,44.7,554.81,-1112.0,1112.9,-87.7
49965000,-0.02,-5.24,29.0,823.46,-1091.6,1092.0,-88.5
49966500,-0.02,-5.18,31.5,777.04,-1104.4,1104.8,-88.4
49968000,-0.03,-5.20,35.5,684.19,-1099.7,1100.3,-88.2
49969500,-0.02,-5.18,34.3,712.09,-1103.4,1103.9,-88.2
49971000,-0.03,-5.26,39.7,596.56,-1087.0,1087.7,-87.9
49972500,-0.02,-5.20,32.5,746.91,-1100.1,1100.5,-88.3
49974000,-0.03,-5.20,36.6,663.23,-1099.8,1100.4,-88.1
49975500,-0.03,-5.22,37.8,637.57,-1096.5,1097.2,-88.0
49977000,-0.03,-5.21,46.6,517.34,-1096.1,1097.1,-87.6
49978500,-0.03,-5.21,35.4,683.69,-1097.8,1098.4,-88.2
49980000,-0.03,-5.27,39.5,597.62,-1085.1,1085.8,-87.9
49981500,-0.03,-5.25,40.1,594.34,-1089.8,1090.6,-87.9
49983000,-0.03,-5.27,36.9,640.43,-1085.6,1086.2,-88.1
49984500,-0.02,-5.26,29.8,797.94,-1088.4,1088.9,-88.4
49986000,-0.02,-5.30,30.7,761.67,-1080.2,1080.6,-88.4
49987500,-0.02,-5.29,26.8,877.66,-1082.6,1082.9,-88.6
49989000,-0.02,-5.32,24.6,942.50,-1076.3,1076.6,-88.7
49990500,-0.02,-5.33,32.8,705.29,-1074.1,1074.6,-88.2
49992000,-0.03,-5.30,37.3,627.47,-1079.6,1080.3,-88.0
49993500,-0.02,-5.32,29.5,786.55,-1074.7,1075.1,-88.4
49995000,-0.03,-5.33,36.8,627.58,-1072.6,1073.3,-88.0
49996500,-0.02,-5.33,31.5,733.87,-1073.2,1073.7,-88.3
49998000,-0.03,-5.33,34.3,672.83,-1072.7,1073.3,-88.2
49999500,-0.02,-5.40,31.6,712.62,-1059.4,1059.9,-88.3
50001000,-0.02,-5.34,25.1,915.92,-1071.1,1071.4,-88.7
50002500,-0.03,-5.36,35.1,650.81,-1067.2,1067.7,-88.1
50004000,-0.02,-5.39,23.8,949.48,-1062.2,1062.4,-88.7
50005500,-0.02,-5.39,28.2,802.25,-1061.4,1061.7,-88.5
50007000,-0.02,-5.38,21.7,048.54,-1064.1,1064.3,-88.8
50008500,-0.02,-5.42,26.7,838.71,-1056.1,1056.5,-88.6
50010000,-0.02,-5.37,31.2,730.65,-1065.3,1065.7,-88.3
50011500,-0.02,-5.43,22.8,977.48,-1054.7,1055.0,-88.8
50013000,-0.02,-5.40,26.7,844.22,-1060.0,1060.4,-88.6
50014500,-0.02,-5.42,24.5,914.84,-1056.1,1056.4,-88.7
50016000,-0.02,-5.44,23.2,956.43,-1051.4,1051.7,-88.7
50017500,-0.02,-5.45,28.9,766.91,-1050.6,1051.0,-88.4
50019000,-0.02,-5.43,23.1,964.42,-1053.8,1054.1,-88.7
50020500,-0.02,-5.48,27.6,789.89,-1043.1,1043.4,-88.5
50022000,-0.02,-5.45,22.9,967.03,-1049.7,1049.9,-88.8
50023500,-0.02,-5.49,28.0,776.72,-1042.0,1042.4,-88.5
50025000,-0.02,-5.50,27.9,776.24,-1039.8,1040.2,-88.5
50026500,-0.03,-5.51,32.6,664.11,-1038.4,1038.9,-88.2
50028000,-0.02,-5.48,23.0,950.06,-1044.5,1044.8,-88.7
50029500,-0.02,-5.50,27.6,786.55,-1040.7,1041.0,-88.5
50031000,-0.02,-5.53,22.0,975.79,-1034.0,1034.2,-88.8
50032500,-0.02,-5.52,25.4,848.28,-1037.2,1037.5,-88.6
50034000,-0.01,-5.55,17.6,207.71,-1031.0,1031.2,-89.0
50035500,-0.02,-5.51,23.0,941.08,-1037.9,1038.2,-88.7
50037000,-0.02,-5.55,26.9,792.90,-1030.8,1031.2,-88.5
50038500,-0.02,-5.53,20.8,030.66,-1034.5,1034.7,-88.8
50040000,-0.02,-5.59,22.5,933.68,-1022.7,1023.0,-88.7
50041500,-0.02,-5.56,23.6,900.28,-1029.5,1029.8,-88.7
50043000,-0.02,-5.56,26.1,814.23,-1028.4,1028.7,-88.5
50044500,-0.02,-5.56,22.4,949.30,-1029.5,1029.7,-88.8
50046000,-0.01,-5.58,18.0,169.09,-1025.2,1025.4,-89.0
50047500,-0.02,-5.56,25.7,828.76,-1029.5,1029.8,-88.6
50049000,-0.02,-5.62,24.5,848.48,-1018.9,1019.2,-88.6
50050500,-0.02,-5.62,23.0,903.71,-1018.5,1018.8,-88.7
50052000,-0.02,-5.59,22.6,931.37,-1023.4,1023.7,-88.7
50053500,-0.02,-5.62,24.6,844.55,-1018.1,1018.4,-88.6
50055000,-0.02,-5.64,23.4,882.82,-1015.1,1015.4,-88.7
50056500,-0.02,-5.63,24.6,841.56,-1016.0,1016.3,-88.6
50058000,-0.02,-5.66,18.3,120.36,-1010.7,1010.9,-89.0
50059500,-0.01,-5.72,16.3,236.26,-1000.9,1001.0,-89.1
50061000,-0.01,-5.64,16.4,261.99,-1014.8,1014.9,-89.1
50062500,-0.02,-5.67,24.2,842.41,-1009.1,1009.3,-88.6
50064000,-0.02,-5.66,20.4,005.38,-1011.4,1011.6,-88.8
50065500,-0.02,-5.70,20.0,009.61,-1004.0,1004.2,-88.9
50067000,-0.02,-5.68,23.1,881.51,-1006.6,1006.9,-88.7
50068500,-0.01,-5.73,16.3,226.71,-999.6,999.8,-89.1
50070000,-0.01,-5.71,17.2,172.39,-1001.8,1001.9,-89.0
50071500,-0.01,-5.75,14.8,343.85,-994.9,995.0,-89.1
50073000,-0.02,-5.70,17.5,156.80,-1003.8,1003.9,-89.0
50074500,-0.01,-5.70,7.0,877.39,-1003.6,1003.6,-89.6
50076000,-0.01,-5.71,15.9,268.63,-1001.6,1001.7,-89.1
50077500,-0.01,-5.74,14.4,381.06,-997.3,997.4,-89.2
50079000,-0.01,-5.75,15.2,307.00,-995.8,995.9,-89.1
50080500,-0.02,-5.75,23.1,862.11,-995.8,996.1,-88.7
50082000,-0.02,-5.80,22.4,871.96,-986.9,987.2,-88.7
50083500,-0.02,-5.79,19.0,033.14,-988.3,988.4,-88.9
50085000,-0.01,-5.79,16.6,176.22,-987.6,987.8,-89.0
50086500,-0.02,-5.80,21.1,927.48,-986.8,987.0,-88.8
50088000,-0.01,-5.81,14.4,353.20,-985.7,985.8,-89.2
50089500,-0.01,-5.80,12.3,588.04,-986.7,986.8,-89.3
50091000,-0.01,-5.84,11.0,754.25,-980.0,980.0,-89.4
50092500,-0.01,-5.83,10.8,791.49,-982.1,982.2,-89.4
50094000,-0.01,-5.83,6.1,156.29,-982.1,982.1,-89.6
50095500,-0.01,-5.84,12.9,496.48,-980.7,980.8,-89.2
50097000,-0.02,-5.83,17.2,124.81,-981.4,981.6,-89.0
50098500,-0.01,-5.85,11.2,709.04,-978.0,978.0,-89.3
50100000,-0.01,-5.87,11.2,702.25,-974.8,974.8,-89.3
50101500,-0.01,-5.85,14.6,311.79,-977.5,977.6,-89.1
50103000,-0.01,-5.90,11.8,608.12,-970.8,970.9,-89.3
50104500,-0.01,-5.91,13.9,357.66,-968.9,969.0,-89.2
50106000,-0.01,-5.89,15.7,209.24,-971.8,971.9,-89.1
50107500,-0.01,-5.87,12.3,548.80,-974.3,974.3,-89.3
50109000,-0.01,-5.92,15.3,222.52,-966.4,966.5,-89.1
50110500,-0.01,-5.90,6.6,873.09,-969.5,969.6,-89.6
50112000,-0.01,-5.90,9.3,029.07,-969.9,970.0,-89.5
50113500,-0.01,-5.94,10.8,717.91,-963.3,963.3,-89.4
50115000,-0.01,-5.93,9.4,995.70,-965.6,965.6,-89.4
50116500,-0.01,-5.97,9.3,978.52,-959.1,959.2,-89.4
50118000,-0.01,-5.97,15.8,170.11,-959.0,959.1,-89.1
50119500,-0.01,-5.97,10.0,832.66,-958.1,958.1,-89.4
50121000,-0.01,-6.00,14.4,271.75,-954.3,954.4,-89.1
50122500,-0.01,-5.98,12.9,417.70,-956.6,956.7,-89.2
50124000,-0.01,-6.00,7.0,607.25,-954.4,954.4,-89.6
50125500,-0.01,-6.00,8.6,118.46,-954.2,954.3,-89.5
50127000,-0.01,-6.04,6.0,026.11,-947.8,947.8,-89.6
50128500,-0.01,-6.00,7.2,546.05,-953.5,953.5,-89.6
50130000,-0.01,-6.02,10.8,677.00,-951.1,951.2,-89.3
50131500,-0.01,-6.01,8.0,264.29,-951.8,951.9,-89.5
50133000,-0.01,-6.03,5.6,240.65,-949.0,949.1,-89.7
50134500,-0.01,-6.08,7.9,248.86,-941.7,941.8,-89.5
50136000,-0.01,-6.03,10.3,746.73,-949.4,949.4,-89.4
50137500,-0.01,-6.08,9.9,797.01,-941.3,941.3,-89.4
50139000,-0.01,-6.05,13.5,326.64,-946.6,946.7,-89.2
50140500,-0.01,-6.07,8.6,077.65,-942.3,942.4,-89.5
50142000,-0.01,-6.07,12.9,376.68,-942.6,942.6,-89.2
50143500,-0.01,-6.10,11.3,565.84,-938.0,938.1,-89.3
50145000,-0.01,-6.11,5.1,419.38,-936.4,936.4,-89.7
50146500,-0.01,-6.11,5.4,254.70,-936.7,936.7,-89.7
50148000,-0.01,-6.12,8.0,201.53,-935.9,935.9,-89.5
50149500,-0.01,-6.14,10.3,688.59,-931.6,931.7,-89.4
50151000,-0.01,-6.10,11.5,541.10,-938.5,938.5,-89.3
50152500,-0.01,-6.17,10.7,610.78,-928.3,928.3,-89.3
50154000,-0.01,-6.12,6.3,789.47,-935.6,935.6,-89.6
50155500,-0.01,-6.18,6.8,529.98,-925.5,925.5,-89.6
50157000,-0.01,-6.19,9.2,858.43,-925.0,925.0,-89.4
50158500,-0.00,-6.16,3.2,367.87,-928.7,928.7,-89.8
50160000,-0.01,-6.19,8.3,063.68,-924.6,924.7,-89.5
50161500,-0.00,-6.22,1.0,356.17,-920.9,920.9,-89.9
50163000,0.00,-6.21,0.0,?,-922.4,922.4,-90.0
50164500,-0.01,-6.18,5.6,080.66,-926.1,926.1,-89.7
50166000,-0.00,-6.21,3.6,762.82,-921.3,921.3,-89.8
50167500,-0.01,-6.24,13.5,251.08,-917.5,917.6,-89.2
50169000,-0.01,-6.23,5.8,935.70,-918.7,918.8,-89.6
50170500,-0.01,-6.21,7.1,399.75,-921.3,921.3,-89.6
50172000,-0.00,-6.26,3.8,358.20,-914.0,914.0,-89.8
50173500,-0.00,-6.26,3.8,368.43,-914.3,914.3,-89.8
50175000,-0.00,-6.28,3.2,247.72,-911.8,911.9,-89.8
50176500,0.00,-6.28,0.0,?,-911.3,911.3,-90.0
50178000,-0.00,-6.26,0.8,334.06,-914.1,914.1,-90.0
50179500,-0.00,-6.26,2.7,120.67,-914.1,914.1,-89.8
50181000,-0.00,-6.31,3.8,387.77,-907.5,907.5,-89.8
50182500,-0.00,-6.28,3.4,938.68,-911.2,911.2,-89.8
50184000,-0.00,-6.34,1.3,962.66,-903.3,903.3,-89.9
50185500,0.00,-6.33,0.0,?,-903.8,903.8,-90.0
50187000,-0.00,-6.34,2.5,677.18,-903.3,903.3,-89.8
50188500,-0.01,-6.39,6.6,434.06,-895.8,895.9,-89.6
50190000,-0.00,-6.35,0.4,654.79,-901.5,901.5,-90.0
50191500,-0.01,-6.35,6.0,727.05,-901.7,901.7,-89.6
50193000,0.00,-6.38,0.0,?,-897.4,897.4,-90.0
50194500,0.00,-6.38,0.0,?,-897.2,897.2,-90.0
50196000,0.00,-6.40,0.0,?,-894.9,894.9,-90.0
50197500,0.00,-6.43,0.0,?,-889.9,889.9,-90.0
50199000,-0.01,-6.34,5.0,271.09,-903.4,903.4,-89.7
50200500,-0.00,-6.42,1.0,935.23,-892.0,892.0,-89.9
50202000,0.00,-6.39,0.0,?,-895.3,895.3,-90.0
50203500,-0.00,-6.41,2.6,251.68,-893.4,893.4,-89.8
50205000,-0.00,-6.40,4.1,880.52,-894.5,894.6,-89.7
50206500,-0.01,-6.47,6.5,412.96,-884.7,884.8,-89.6
50208000,0.00,-6.42,0.0,?,-891.6,891.6,-90.0
50209500,0.00,-6.45,0.0,?,-886.7,886.7,-90.0
50211000,-0.00,-6.43,3.3,874.73,-890.8,890.8,-89.8
50212500,-0.00,-6.47,1.4,378.95,-884.5,884.5,-89.9
50214000,-0.00,-6.42,0.9,399.43,-891.4,891.4,-89.9
50215500,0.00,-6.47,0.0,?,-884.6,884.6,-90.0
50217000,-0.00,-6.46,2.9,494.15,-885.4,885.4,-89.8
50218500,0.00,-6.49,0.0,?,-882.0,882.0,-90.0
50220000,0.00,-6.50,0.0,?,-880.2,880.2,-90.0
50221500,0.00,-6.50,0.0,?,-880.5,880.5,-90.0
50223000,0.00,-6.53,0.0,?,-876.6,876.6,-90.0
50224500,0.00,-6.54,0.0,?,-874.9,874.9,-90.0
50226000,0.00,-6.52,0.0,?,-878.1,878.1,-90.0
50227500,0.00,-6.51,0.0,?,-879.3,879.3,-90.0
50229000,0.00,-6.54,0.0,?,-875.6,875.6,-90.0
50230500,-0.00,-6.53,0.5,138.98,-876.8,876.8,-90.0
50232000,0.00,-6.55,0.0,?,-874.1,874.1,-90.0
50233500,-0.00,-6.58,0.1,578.66,-870.3,870.3,-90.0
50235000,0.00,-6.60,0.0,?,-867.6,867.6,-90.0
50236500,0.00,-6.57,0.0,?,-871.3,871.3,-90.0
50238000,0.00,-6.62,0.0,?,-863.9,863.9,-90.0
50239500,-0.00,-6.59,0.5,185.58,-867.8,867.8,-90.0
50241000,0.00,-6.63,0.0,?,-863.5,863.5,-90.0
50242500,0.00,-6.63,0.0,?,-862.8,862.8,-90.0
50244000,0.00,-6.68,0.0,?,-856.8,856.8,-90.0
50245500,0.00,-6.60,0.0,?,-867.5,867.5,-90.0
50247000,-0.00,-6.69,0.8,535.53,-856.0,856.0,-89.9
50248500,0.00,-6.65,0.0,?,-860.4,860.4,-90.0
50250000,0.00,-6.70,0.0,?,-854.8,854.8,-90.0
50251500,0.00,-6.64,0.0,?,-861.4,861.4,-90.0
50253000,0.00,-6.68,0.0,?,-857.1,857.1,-90.0
50254500,0.00,-6.68,0.0,?,-856.8,856.8,-90.0
50256000,0.00,-6.70,0.0,?,-854.7,854.7,-90.0
50257500,-0.01,-6.72,4.3,422.65,-851.5,851.5,-89.7
50259000,0.00,-6.73,0.0,?,-850.6,850.6,-90.0
50260500,0.00,-6.75,0.0,?,-848.3,848.3,-90.0
50262000,0.00,-6.76,0.0,?,-847.2,847.2,-90.0
50263500,0.00,-6.72,0.0,?,-851.5,851.5,-90.0
50265000,0.00,-6.71,0.0,?,-852.7,852.7,-90.0
50266500,0.00,-6.74,0.0,?,-849.1,849.1,-90.0
50268000,0.00,-6.75,0.0,?,-847.4,847.4,-90.0
50269500,0.00,-6.76,0.0,?,-846.1,846.1,-90.0
50271000,0.00,-6.76,0.0,?,-846.4,846.4,-90.0
50272500,0.00,-6.83,0.0,?,-837.9,837.9,-90.0
50274000,0.00,-6.80,0.0,?,-841.8,841.8,-90.0
50275500,0.00,-6.86,0.0,?,-834.6,834.6,-90.0
50277000,0.00,-6.77,0.0,?,-845.8,845.8,-90.0
50278500,0.00,-6.85,0.0,?,-835.2,835.2,-90.0
50280000,0.00,-6.82,0.0,?,-839.7,839.7,-90.0
50281500,0.00,-6.85,0.0,?,-835.7,835.7,-90.0
50283000,0.00,-6.84,0.0,?,-836.5,836.5,-90.0
50284500,0.00,-6.87,0.0,?,-833.5,833.5,-90.0
50286000,0.00,-6.85,0.0,?,-835.6,835.6,-90.0
50287500,0.00,-6.87,0.0,?,-832.5,832.5,-90.0
50289000,0.00,-6.84,0.0,?,-836.7,836.7,-90.0
50290500,-0.00,-6.89,0.9,620.04,-830.7,830.7,-89.9
50292000,0.00,-6.90,0.0,?,-829.9,829.9,-90.0
50293500,0.00,-6.92,0.0,?,-826.6,826.6,-90.0
50295000,0.00,-6.94,0.0,?,-824.4,824.4,-90.0
50296500,0.00,-6.91,0.0,?,-828.2,828.2,-90.0
50298000,0.00,-6.94,0.0,?,-824.0,824.0,-90.0
50299500,0.00,-6.97,0.0,?,-820.8,820.8,-90.0
50301000,0.00,-6.98,0.0,?,-819.4,819.4,-90.0
50302500,0.00,-6.93,0.0,?,-825.9,825.9,-90.0
50304000,0.00,-6.94,0.0,?,-824.7,824.7,-90.0
50305500,0.00,-6.98,0.0,?,-819.7,819.7,-90.0
50307000,0.00,-6.98,0.0,?,-819.3,819.3,-90.0
50308500,0.00,-6.99,0.0,?,-818.4,818.4,-90.0
50310000,0.00,-6.99,0.0,?,-818.5,818.5,-90.0
50311500,0.00,-6.99,0.0,?,-818.5,818.5,-90.0
50313000,0.00,-7.02,0.0,?,-815.3,815.3,-90.0
50314500,0.00,-7.01,0.0,?,-816.3,816.3,-90.0
50316000,0.00,-7.05,0.0,?,-811.2,811.2,-90.0
50317500,0.00,-7.02,0.0,?,-814.7,814.7,-90.0
50319000,0.00,-7.04,0.0,?,-812.9,812.9,-90.0
50320500,0.00,-7.07,0.0,?,-809.5,809.5,-90.0
50322000,0.00,-7.08,0.0,?,-808.0,808.0,-90.0
50323500,0.00,-7.04,0.0,?,-812.7,812.7,-90.0
50325000,0.00,-7.08,0.0,?,-808.7,808.7,-90.0
50326500,0.00,-7.10,0.0,?,-805.5,805.5,-90.0
50328000,0.00,-7.12,0.0,?,-803.3,803.3,-90.0
50329500,0.00,-7.10,0.0,?,-805.8,805.8,-90.0
50331000,0.00,-7.12,0.0,?,-803.4,803.4,-90.0
50332500,0.00,-7.15,0.0,?,-800.6,800.6,-90.0
50334000,0.00,-7.11,0.0,?,-804.7,804.7,-90.0
50335500,0.00,-7.13,0.0,?,-802.5,802.5,-90.0
50337000,0.00,-7.11,0.0,?,-805.2,805.2,-90.0
50338500,0.00,-7.17,0.0,?,-798.5,798.5,-90.0
50340000,0.00,-7.16,0.0,?,-799.2,799.2,-90.0
50341500,0.00,-7.19,0.0,?,-796.4,796.4,-90.0
50343000,0.00,-7.16,0.0,?,-799.0,799.0,-90.0
50344500,0.00,-7.23,0.0,?,-792.0,792.0,-90.0
50346000,0.00,-7.20,0.0,?,-794.5,794.5,-90.0
50347500,0.00,-7.23,0.0,?,-791.4,791.4,-90.0
50349000,0.00,-7.18,0.0,?,-797.3,797.3,-90.0
50350500,0.00,-7.28,0.0,?,-786.3,786.3,-90.0
50352000,0.00,-7.23,0.0,?,-791.4,791.4,-90.0
50353500,0.00,-7.25,0.0,?,-789.5,789.5,-90.0
50355000,0.00,-7.22,0.0,?,-793.0,793.0,-90.0
50356500,0.00,-7.27,0.0,?,-787.3,787.3,-90.0
50358000,0.00,-7.26,0.0,?,-788.1,788.1,-90.0
50359500,0.00,-7.30,0.0,?,-783.5,783.5,-90.0
50361000,0.00,-7.27,0.0,?,-786.9,786.9,-90.0
50362500,0.00,-7.31,0.0,?,-782.6,782.6,-90.0
50364000,0.00,-7.32,0.0,?,-781.2,781.2,-90.0
50365500,0.00,-7.29,0.0,?,-785.4,785.4,-90.0
50367000,0.00,-7.30,0.0,?,-784.1,784.1,-90.0
50368500,0.00,-7.30,0.0,?,-783.9,783.9,-90.0
50370000,0.00,-7.37,0.0,?,-776.3,776.3,-90.0
50371500,0.00,-7.31,0.0,?,-782.7,782.7,-90.0
50373000,0.00,-7.35,0.0,?,-778.5,778.5,-90.0
50374500,0.00,-7.39,0.0,?,-774.1,774.1,-90.0
50376000,0.00,-7.39,0.0,?,-774.6,774.6,-90.0
50377500,0.00,-7.43,0.0,?,-769.8,769.8,-90.0
50379000,0.00,-7.40,0.0,?,-773.5,773.5,-90.0
50380500,0.00,-7.43,0.0,?,-770.1,770.1,-90.0
50382000,0.00,-7.42,0.0,?,-770.6,770.6,-90.0
50383500,0.00,-7.42,0.0,?,-770.9,770.9,-90.0
50385000,0.00,-7.44,0.0,?,-768.7,768.7,-90.0
50386500,0.00,-7.43,0.0,?,-770.1,770.1,-90.0
50388000,0.00,-7.47,0.0,?,-765.7,765.7,-90.0
50389500,0.00,-7.45,0.0,?,-768.2,768.2,-90.0
50391000,0.00,-7.45,0.0,?,-767.8,767.8,-90.0
50392500,0.00,-7.44,0.0,?,-769.4,769.4,-90.0
50394000,0.00,-7.44,0.0,?,-769.4,769.4,-90.0
50395500,0.00,-7.52,0.0,?,-761.1,761.1,-90.0
50397000,0.00,-7.51,0.0,?,-761.8,761.8,-90.0
50398500,0.00,-7.48,0.0,?,-764.8,764.8,-90.0
50400000,0.00,-7.52,0.0,?,-761.0,761.0,-90.0
50401500,0.00,-7.53,0.0,?,-760.2,760.2,-90.0
50403000,0.00,-7.54,0.0,?,-758.9,758.9,-90.0
50404500,0.00,-7.58,0.0,?,-755.2,755.2,-90.0
50406000,0.00,-7.55,0.0,?,-757.8,757.8,-90.0
50407500,0.00,-7.57,0.0,?,-756.0,756.0,-90.0
50409000,0.00,-7.55,0.0,?,-758.1,758.1,-90.0
50410500,0.00,-7.64,0.0,?,-748.7,748.7,-90.0
50412000,0.00,-7.59,0.0,?,-753.9,753.9,-90.0
50413500,0.00,-7.61,0.0,?,-751.7,751.7,-90.0
50415000,0.00,-7.59,0.0,?,-753.6,753.6,-90.0
50416500,0.00,-7.61,0.0,?,-751.6,751.6,-90.0
50418000,0.00,-7.61,0.0,?,-751.4,751.4,-90.0
50419500,0.00,-7.63,0.0,?,-749.4,749.4,-90.0
50421000,0.00,-7.62,0.0,?,-750.8,750.8,-90.0
50422500,0.00,-7.64,0.0,?,-748.6,748.6,-90.0
50424000,0.00,-7.65,0.0,?,-747.9,747.9,-90.0
50425500,0.00,-7.68,0.0,?,-744.9,744.9,-90.0
50427000,0.00,-7.64,0.0,?,-748.4,748.4,-90.0
50428500,0.00,-7.64,0.0,?,-748.9,748.9,-90.0
50430000,0.00,-7.70,0.0,?,-743.1,743.1,-90.0
50431500,0.00,-7.73,0.0,?,-739.7,739.7,-90.0
50433000,0.00,-7.69,0.0,?,-743.7,743.7,-90.0
50434500,0.00,-7.68,0.0,?,-744.9,744.9,-90.0
50436000,0.00,-7.73,0.0,?,-740.5,740.5,-90.0
50437500,0.00,-7.73,0.0,?,-740.5,740.5,-90.0
50439000,0.00,-7.69,0.0,?,-744.0,744.0,-90.0
50440500,0.00,-7.73,0.0,?,-739.9,739.9,-90.0
50442000,0.00,-7.77,0.0,?,-736.4,736.4,-90.0
50443500,0.00,-7.75,0.0,?,-738.3,738.3,-90.0
50445000,0.00,-7.78,0.0,?,-735.3,735.3,-90.0
50446500,0.00,-7.74,0.0,?,-739.0,739.0,-90.0
50448000,0.00,-7.84,0.0,?,-729.9,729.9,-90.0
50449500,0.00,-7.81,0.0,?,-732.3,732.3,-90.0
50451000,0.00,-7.86,0.0,?,-728.1,728.1,-90.0
50452500,0.00,-7.82,0.0,?,-731.8,731.8,-90.0
50454000,0.00,-7.82,0.0,?,-731.5,731.5,-90.0
50455500,0.00,-7.83,0.0,?,-730.7,730.7,-90.0
50457000,0.00,-7.87,0.0,?,-727.1,727.1,-90.0
50458500,0.00,-7.85,0.0,?,-729.0,729.0,-90.0
50460000,0.00,-7.86,0.0,?,-727.8,727.8,-90.0
50461500,0.00,-7.88,0.0,?,-725.6,725.6,-90.0
50463000,0.00,-7.88,0.0,?,-725.5,725.5,-90.0
50464500,0.00,-7.87,0.0,?,-726.7,726.7,-90.0
50466000,0.00,-7.91,0.0,?,-723.5,723.5,-90.0
50467500,0.00,-7.90,0.0,?,-724.4,724.4,-90.0
50469000,0.00,-7.89,0.0,?,-725.0,725.0,-90.0
50470500,0.00,-7.91,0.0,?,-723.5,723.5,-90.0
50472000,0.00,-7.95,0.0,?,-719.7,719.7,-90.0
50473500,0.00,-7.91,0.0,?,-723.0,723.0,-90.0
50475000,0.00,-7.91,0.0,?,-722.9,722.9,-90.0
50476500,0.00,-7.96,0.0,?,-718.7,718.7,-90.0
50478000,0.00,-7.94,0.0,?,-720.8,720.8,-90.0
50479500,0.00,-7.99,0.0,?,-715.6,715.6,-90.0
50481000,0.00,-7.96,0.0,?,-718.6,718.6,-90.0
50482500,0.00,-8.02,0.0,?,-712.8,712.8,-90.0
50484000,0.00,-7.96,0.0,?,-718.3,718.3,-90.0
50485500,0.00,-8.04,0.0,?,-711.9,711.9,-90.0
50487000,0.00,-7.99,0.0,?,-716.0,716.0,-90.0
50488500,0.00,-8.04,0.0,?,-711.8,711.8,-90.0
50490000,0.00,-8.01,0.0,?,-713.9,713.9,-90.0
50491500,0.00,-8.03,0.0,?,-712.1,712.1,-90.0
50493000,0.00,-8.07,0.0,?,-708.8,708.8,-90.0
50494500,0.00,-8.07,0.0,?,-708.8,708.8,-90.0
50496000,0.00,-8.06,0.0,?,-710.0,710.0,-90.0
50497500,0.00,-8.06,0.0,?,-709.8,709.8,-90.0
50499000,0.00,-8.08,0.0,?,-708.2,708.2,-90.0
50500500,0.00,-8.10,0.0,?,-706.4,706.4,-90.0
50502000,0.00,-8.12,0.0,?,-704.5,704.5,-90.0
50503500,0.00,-8.09,0.0,?,-706.8,706.8,-90.0
50505000,0.00,-8.12,0.0,?,-704.7,704.7,-90.0
50506500,0.00,-8.14,0.0,?,-702.6,702.6,-90.0
50508000,0.00,-8.14,0.0,?,-702.8,702.8,-90.0
50509500,0.00,-8.16,0.0,?,-700.9,700.9,-90.0
50511000,0.00,-8.17,0.0,?,-699.9,699.9,-90.0
50512500,0.00,-8.14,0.0,?,-703.1,703.1,-90.0
50514000,0.00,-8.18,0.0,?,-699.2,699.2,-90.0
50515500,0.00,-8.16,0.0,?,-700.7,700.7,-90.0
50517000,0.00,-8.15,0.0,?,-702.1,702.1,-90.0
50518500,0.00,-8.16,0.0,?,-701.0,701.0,-90.0
50520000,0.00,-8.20,0.0,?,-697.5,697.5,-90.0
50521500,0.00,-8.19,0.0,?,-698.5,698.5,-90.0
50523000,0.00,-8.23,0.0,?,-695.4,695.4,-90.0
50524500,0.00,-8.18,0.0,?,-699.1,699.1,-90.0
50526000,0.00,-8.27,0.0,?,-691.5,691.5,-90.0
50527500,0.00,-8.21,0.0,?,-696.4,696.4,-90.0
50529000,0.00,-8.26,0.0,?,-692.6,692.6,-90.0
50530500,0.00,-8.28,0.0,?,-690.8,690.8,-90.0
50532000,0.00,-8.28,0.0,?,-690.8,690.8,-90.0
50533500,0.00,-8.32,0.0,?,-687.5,687.5,-90.0
50535000,0.00,-8.29,0.0,?,-689.9,689.9,-90.0
50536500,0.00,-8.30,0.0,?,-688.7,688.7,-90.0
50538000,0.00,-8.33,0.0,?,-686.4,686.4,-90.0
50539500,0.00,-8.32,0.0,?,-687.1,687.1,-90.0
50541000,0.00,-8.34,0.0,?,-685.5,685.5,-90.0
50542500,0.00,-8.37,0.0,?,-683.6,683.6,-90.0
50544000,0.00,-8.34,0.0,?,-685.6,685.6,-90.0
50545500,0.00,-8.38,0.0,?,-682.9,682.9,-90.0
50547000,0.00,-8.36,0.0,?,-684.2,684.2,-90.0
50548500,0.00,-8.40,0.0,?,-680.8,680.8,-90.0
50550000,0.00,-8.36,0.0,?,-683.8,683.8,-90.0
50551500,0.00,-8.38,0.0,?,-682.3,682.3,-90.0
50553000,0.00,-8.39,0.0,?,-682.0,682.0,-90.0
50554500,0.00,-8.41,0.0,?,-679.8,679.8,-90.0
50556000,0.00,-8.45,0.0,?,-676.7,676.7,-90.0
50557500,0.00,-8.40,0.0,?,-680.8,680.8,-90.0
50559000,0.00,-8.44,0.0,?,-677.7,677.7,-90.0
50560500,0.00,-8.44,0.0,?,-677.3,677.3,-90.0
50562000,0.00,-8.43,0.0,?,-678.7,678.7,-90.0
50563500,0.00,-8.49,0.0,?,-673.9,673.9,-90.0
50565000,0.00,-8.44,0.0,?,-677.8,677.8,-90.0
50566500,0.00,-8.49,0.0,?,-674.0,674.0,-90.0
50568000,0.00,-8.45,0.0,?,-676.6,676.6,-90.0
50569500,0.00,-8.50,0.0,?,-673.0,673.0,-90.0
50571000,0.00,-8.51,0.0,?,-671.7,671.7,-90.0
50572500,0.00,-8.51,0.0,?,-672.4,672.4,-90.0
50574000,0.00,-8.51,0.0,?,-672.2,672.2,-90.0
50575500,0.00,-8.53,0.0,?,-670.4,670.4,-90.0
50577000,0.00,-8.52,0.0,?,-671.2,671.2,-90.0
50578500,0.00,-8.53,0.0,?,-670.4,670.4,-90.0
50580000,0.00,-8.57,0.0,?,-667.5,667.5,-90.0
50581500,0.00,-8.56,0.0,?,-667.8,667.8,-90.0
50583000,0.00,-8.57,0.0,?,-667.7,667.7,-90.0
50584500,0.00,-8.55,0.0,?,-668.8,668.8,-90.0
50586000,0.00,-8.62,0.0,?,-663.5,663.5,-90.0
50587500,0.00,-8.57,0.0,?,-666.9,666.9,-90.0
50589000,0.00,-8.60,0.0,?,-665.2,665.2,-90.0
50590500,0.00,-8.61,0.0,?,-663.9,663.9,-90.0
50592000,0.00,-8.60,0.0,?,-665.2,665.2,-90.0
50593500,0.00,-8.63,0.0,?,-662.6,662.6,-90.0
50595000,0.00,-8.66,0.0,?,-660.7,660.7,-90.0
50596500,0.00,-8.60,0.0,?,-664.9,664.9,-90.0
50598000,0.00,-8.68,0.0,?,-658.9,658.9,-90.0
50599500,0.00,-8.68,0.0,?,-658.7,658.7,-90.0
50601000,0.00,-8.72,0.0,?,-656.0,656.0,-90.0
50602500,0.00,-8.64,0.0,?,-661.8,661.8,-90.0
50604000,0.00,-8.70,0.0,?,-657.0,657.0,-90.0
50605500,0.00,-8.71,0.0,?,-656.8,656.8,-90.0
50607000,0.00,-8.72,0.0,?,-655.9,655.9,-90.0
50608500,0.00,-8.73,0.0,?,-655.3,655.3,-90.0
50610000,0.00,-8.75,0.0,?,-653.8,653.8,-90.0
50611500,0.00,-8.78,0.0,?,-651.3,651.3,-90.0
50613000,0.00,-8.78,0.0,?,-651.0,651.0,-90.0
50614500,0.00,-8.79,0.0,?,-650.3,650.3,-90.0
50616000,0.00,-8.78,0.0,?,-651.3,651.3,-90.0
50617500,0.00,-8.79,0.0,?,-650.4,650.4,-90.0
50619000,0.00,-8.82,0.0,?,-648.0,648.0,-90.0
50620500,0.00,-8.76,0.0,?,-652.9,652.9,-90.0
50622000,0.00,-8.77,0.0,?,-652.4,652.4,-90.0
50623500,0.00,-8.79,0.0,?,-650.7,650.7,-90.0
50625000,0.00,-8.82,0.0,?,-648.5,648.5,-90.0
50626500,0.00,-8.83,0.0,?,-647.8,647.8,-90.0
50628000,0.00,-8.78,0.0,?,-651.0,651.0,-90.0
50629500,0.00,-8.85,0.0,?,-646.3,646.3,-90.0
50631000,0.00,-8.86,0.0,?,-645.7,645.7,-90.0
50632500,0.00,-8.84,0.0,?,-647.1,647.1,-90.0
50634000,0.00,-8.85,0.0,?,-646.3,646.3,-90.0
50635500,0.00,-8.92,0.0,?,-641.3,641.3,-90.0
50637000,0.00,-8.88,0.0,?,-643.6,643.6,-90.0
50638500,0.00,-8.86,0.0,?,-645.4,645.4,-90.0
50640000,0.00,-8.92,0.0,?,-640.7,640.7,-90.0
50641500,0.00,-8.93,0.0,?,-640.6,640.6,-90.0
50643000,0.00,-8.93,0.0,?,-640.6,640.6,-90.0
50644500,0.00,-8.92,0.0,?,-640.8,640.8,-90.0
50646000,0.00,-8.95,0.0,?,-639.2,639.2,-90.0
50647500,0.00,-9.00,0.0,?,-635.3,635.3,-90.0
50649000,0.00,-9.00,0.0,?,-635.2,635.2,-90.0
50650500,0.00,-8.98,0.0,?,-637.0,637.0,-90.0
50652000,0.00,-8.99,0.0,?,-635.7,635.7,-90.0
50653500,0.00,-8.98,0.0,?,-636.6,636.6,-90.0
50655000,0.00,-9.03,0.0,?,-633.4,633.4,-90.0
50656500,0.00,-9.05,0.0,?,-632.1,632.1,-90.0
50658000,0.00,-9.01,0.0,?,-634.7,634.7,-90.0
50659500,0.00,-9.02,0.0,?,-634.0,634.0,-90.0
50661000,0.00,-9.03,0.0,?,-633.3,633.3,-90.0
50662500,0.00,-9.00,0.0,?,-635.6,635.6,-90.0
50664000,0.00,-9.05,0.0,?,-631.6,631.6,-90.0
50665500,0.00,-9.09,0.0,?,-629.3,629.3,-90.0
50667000,0.00,-9.11,0.0,?,-627.5,627.5,-90.0
50668500,0.00,-9.09,0.0,?,-629.1,629.1,-90.0
50670000,0.00,-9.11,0.0,?,-627.9,627.9,-90.0
50671500,0.00,-9.13,0.0,?,-626.5,626.5,-90.0
50673000,0.00,-9.19,0.0,?,-622.3,622.3,-90.0
50674500,0.00,-9.10,0.0,?,-628.2,628.2,-90.0
50676000,0.00,-9.17,0.0,?,-623.5,623.5,-90.0
50677500,0.00,-9.17,0.0,?,-623.5,623.5,-90.0
50679000,0.00,-9.14,0.0,?,-625.7,625.7,-90.0
50680500,0.00,-9.17,0.0,?,-623.6,623.6,-90.0
50682000,0.00,-9.16,0.0,?,-624.0,624.0,-90.0
50683500,0.00,-9.18,0.0,?,-623.0,623.0,-90.0
50685000,0.00,-9.20,0.0,?,-621.2,621.2,-90.0
50686500,0.00,-9.20,0.0,?,-621.2,621.2,-90.0
50688000,0.00,-9.18,0.0,?,-623.0,623.0,-90.0
50689500,0.00,-9.23,0.0,?,-619.1,619.1,-90.0
50691000,0.00,-9.25,0.0,?,-618.0,618.0,-90.0
50692500,0.00,-9.22,0.0,?,-619.8,619.8,-90.0
50694000,0.00,-9.30,0.0,?,-614.9,614.9,-90.0
50695500,0.00,-9.28,0.0,?,-615.9,615.9,-90.0
50697000,0.00,-9.27,0.0,?,-616.6,616.6,-90.0
50698500,0.00,-9.28,0.0,?,-615.7,615.7,-90.0
50700000,0.00,-9.26,0.0,?,-617.1,617.1,-90.0
50701500,0.00,-9.30,0.0,?,-614.5,614.5,-90.0
50703000,0.00,-9.27,0.0,?,-616.8,616.8,-90.0
50704500,0.00,-9.31,0.0,?,-613.8,613.8,-90.0
50706000,0.00,-9.35,0.0,?,-611.3,611.3,-90.0
50707500,0.00,-9.30,0.0,?,-615.0,615.0,-90.0
50709000,0.00,-9.34,0.0,?,-612.3,612.3,-90.0
50710500,0.00,-9.36,0.0,?,-610.5,610.5,-90.0
50712000,0.00,-9.37,0.0,?,-610.0,610.0,-90.0
50713500,0.00,-9.33,0.0,?,-612.7,612.7,-90.0
50715000,0.00,-9.41,0.0,?,-607.4,607.4,-90.0
50716500,0.00,-9.42,0.0,?,-606.8,606.8,-90.0
50718000,0.00,-9.41,0.0,?,-607.8,607.8,-90.0
50719500,0.00,-9.45,0.0,?,-605.2,605.2,-90.0
50721000,0.00,-9.42,0.0,?,-606.9,606.9,-90.0
50722500,0.00,-9.38,0.0,?,-609.3,609.3,-90.0
50724000,0.00,-9.44,0.0,?,-605.5,605.5,-90.0
50725500,0.00,-9.47,0.0,?,-603.7,603.7,-90.0
50727000,0.00,-9.49,0.0,?,-602.5,602.5,-90.0
50728500,0.00,-9.46,0.0,?,-604.1,604.1,-90.0
50730000,0.00,-9.51,0.0,?,-601.2,601.2,-90.0
50731500,0.00,-9.48,0.0,?,-603.3,603.3,-90.0
50733000,0.00,-9.52,0.0,?,-600.7,600.7,-90.0
50734500,0.00,-9.50,0.0,?,-601.4,601.4,-90.0
50736000,0.00,-9.57,0.0,?,-597.5,597.5,-90.0
50737500,0.00,-9.53,0.0,?,-599.8,599.8,-90.0
50739000,0.00,-9.54,0.0,?,-599.2,599.2,-90.0
50740500,0.00,-9.55,0.0,?,-598.6,598.6,-90.0
50742000,0.00,-9.59,0.0,?,-596.0,596.0,-90.0
50743500,0.00,-9.58,0.0,?,-596.5,596.5,-90.0
50745000,0.00,-9.59,0.0,?,-595.9,595.9,-90.0
50746500,0.00,-9.59,0.0,?,-595.9,595.9,-90.0
50748000,0.00,-9.60,0.0,?,-595.7,595.7,-90.0
50749500,0.00,-9.62,0.0,?,-594.4,594.4,-90.0
50751000,0.00,-9.61,0.0,?,-594.6,594.6,-90.0
50752500,0.00,-9.59,0.0,?,-595.9,595.9,-90.0
50754000,0.00,-9.65,0.0,?,-592.5,592.5,-90.0
50755500,0.00,-9.66,0.0,?,-591.7,591.7,-90.0
50757000,0.00,-9.62,0.0,?,-593.9,593.9,-90.0
50758500,0.00,-9.67,0.0,?,-591.0,591.0,-90.0
50760000,0.00,-9.65,0.0,?,-592.2,592.2,-90.0
50761500,0.00,-9.71,0.0,?,-588.4,588.4,-90.0
50763000,0.00,-9.70,0.0,?,-589.2,589.2,-90.0
50764500,0.00,-9.68,0.0,?,-590.7,590.7,-90.0
50766000,0.00,-9.71,0.0,?,-588.8,588.8,-90.0
50767500,0.00,-9.72,0.0,?,-588.0,588.0,-90.0
50769000,0.00,-9.73,0.0,?,-587.4,587.4,-90.0
50770500,0.00,-9.76,0.0,?,-585.7,585.7,-90.0
50772000,0.00,-9.74,0.0,?,-586.6,586.6,-90.0
50773500,0.00,-9.74,0.0,?,-586.8,586.8,-90.0
50775000,0.00,-9.77,0.0,?,-585.0,585.0,-90.0
50776500,0.00,-9.79,0.0,?,-583.8,583.8,-90.0
50778000,0.00,-9.79,0.0,?,-583.7,583.7,-90.0
50779500,0.00,-9.80,0.0,?,-583.2,583.2,-90.0
50781000,0.00,-9.79,0.0,?,-584.0,584.0,-90.0
50782500,0.00,-9.77,0.0,?,-585.0,585.0,-90.0
50784000,0.00,-9.82,0.0,?,-581.9,581.9,-90.0
50785500,0.00,-9.80,0.0,?,-583.3,583.3,-90.0
50787000,0.00,-9.80,0.0,?,-583.5,583.5,-90.0
50788500,0.00,-9.84,0.0,?,-580.8,580.8,-90.0
50790000,0.00,-9.79,0.0,?,-583.8,583.8,-90.0
50791500,0.00,-9.87,0.0,?,-578.9,578.9,-90.0
50793000,0.00,-9.89,0.0,?,-577.8,577.8,-90.0
50794500,0.00,-9.91,0.0,?,-576.4,576.4,-90.0
50796000,0.00,-9.91,0.0,?,-576.7,576.7,-90.0
50797500,0.00,-9.89,0.0,?,-577.7,577.7,-90.0
50799000,0.00,-9.94,0.0,?,-574.9,574.9,-90.0
50800500,0.00,-9.92,0.0,?,-576.3,576.3,-90.0
50802000,0.00,-9.96,0.0,?,-573.6,573.6,-90.0
50803500,0.00,-9.96,0.0,?,-573.9,573.9,-90.0
50805000,0.00,-9.96,0.0,?,-573.6,573.6,-90.0
50806500,0.00,-9.98,0.0,?,-572.7,572.7,-90.0
50808000,0.00,-9.97,0.0,?,-573.5,573.5,-90.0
50809500,0.00,-9.98,0.0,?,-572.6,572.6,-90.0
50811000,0.00,-9.97,0.0,?,-573.5,573.5,-90.0
50812500,0.00,-9.98,0.0,?,-572.8,572.8,-90.0
50814000,0.00,-9.98,0.0,?,-572.8,572.8,-90.0
50815500,0.00,-10.02,0.0,?,-570.3,570.3,-90.0
50817000,0.00,-10.02,0.0,?,-570.3,570.3,-90.0
50818500,0.00,-10.02,0.0,?,-570.5,570.5,-90.0
50820000,0.00,-10.07,0.0,?,-567.2,567.2,-90.0
50821500,0.00,-10.09,0.0,?,-566.5,566.5,-90.0
50823000,0.00,-10.08,0.0,?,-567.1,567.1,-90.0
50824500,0.00,-10.03,0.0,?,-569.6,569.6,-90.0
50826000,0.00,-10.06,0.0,?,-567.9,567.9,-90.0
50827500,0.00,-10.09,0.0,?,-566.3,566.3,-90.0
50829000,0.00,-10.12,0.0,?,-564.5,564.5,-90.0
50830500,0.00,-10.14,0.0,?,-563.4,563.4,-90.0
50832000,0.00,-10.12,0.0,?,-564.8,564.8,-90.0
50833500,0.00,-10.15,0.0,?,-563.2,563.2,-90.0
50835000,0.00,-10.16,0.0,?,-562.7,562.7,-90.0
50836500,0.00,-10.17,0.0,?,-562.0,562.0,-90.0
50838000,0.00,-10.17,0.0,?,-561.9,561.9,-90.0
50839500,0.00,-10.22,0.0,?,-558.9,558.9,-90.0
50841000,0.00,-10.22,0.0,?,-559.1,559.1,-90.0
50842500,0.00,-10.17,0.0,?,-561.7,561.7,-90.0
50844000,0.00,-10.20,0.0,?,-560.2,560.2,-90.0
50845500,0.00,-10.24,0.0,?,-558.0,558.0,-90.0
50847000,0.00,-10.23,0.0,?,-558.6,558.6,-90.0
50848500,0.00,-10.30,0.0,?,-554.6,554.6,-90.0
50850000,0.00,-10.23,0.0,?,-558.8,558.8,-90.0
50851500,0.00,-10.27,0.0,?,-556.7,556.7,-90.0
50853000,0.00,-10.29,0.0,?,-555.3,555.3,-90.0
50854500,0.00,-10.26,0.0,?,-556.9,556.9,-90.0
50856000,0.00,-10.28,0.0,?,-555.7,555.7,-90.0
50857500,0.00,-10.33,0.0,?,-552.9,552.9,-90.0
50859000,0.00,-10.34,0.0,?,-552.8,552.8,-90.0
50860500,0.00,-10.29,0.0,?,-555.3,555.3,-90.0
50862000,0.00,-10.34,0.0,?,-552.5,552.5,-90.0
50863500,0.00,-10.34,0.0,?,-552.8,552.8,-90.0
50865000,0.00,-10.37,0.0,?,-551.0,551.0,-90.0
50866500,0.00,-10.38,0.0,?,-550.5,550.5,-90.0
50868000,0.00,-10.39,0.0,?,-549.9,549.9,-90.0
50869500,0.00,-10.37,0.0,?,-550.8,550.8,-90.0
50871000,0.00,-10.35,0.0,?,-552.0,552.0,-90.0
50872500,0.00,-10.38,0.0,?,-550.5,550.5,-90.0
50874000,0.00,-10.45,0.0,?,-546.6,546.6,-90.0
50875500,0.00,-10.43,0.0,?,-547.8,547.8,-90.0
50877000,0.00,-10.43,0.0,?,-548.0,548.0,-90.0
50878500,0.00,-10.43,0.0,?,-547.9,547.9,-90.0
50880000,0.00,-10.44,0.0,?,-547.3,547.3,-90.0
50881500,0.00,-10.46,0.0,?,-546.3,546.3,-90.0
50883000,0.00,-10.43,0.0,?,-547.6,547.6,-90.0
50884500,0.00,-10.45,0.0,?,-546.9,546.9,-90.0
50886000,0.00,-10.50,0.0,?,-544.0,544.0,-90.0
50887500,0.00,-10.49,0.0,?,-544.6,544.6,-90.0
50889000,0.00,-10.50,0.0,?,-544.1,544.1,-90.0
50890500,0.00,-10.51,0.0,?,-543.5,543.5,-90.0
50892000,0.00,-10.51,0.0,?,-543.4,543.4,-90.0
50893500,0.00,-10.52,0.0,?,-543.1,543.1,-90.0
50895000,0.00,-10.53,0.0,?,-542.7,542.7,-90.0
50896500,0.00,-10.56,0.0,?,-540.8,540.8,-90.0
50898000,0.00,-10.52,0.0,?,-543.3,543.3,-90.0
50899500,0.00,-10.60,0.0,?,-539.0,539.0,-90.0
50901000,0.00,-10.55,0.0,?,-541.3,541.3,-90.0
50902500,0.00,-10.61,0.0,?,-538.5,538.5,-90.0
50904000,0.00,-10.59,0.0,?,-539.4,539.4,-90.0
50905500,0.00,-10.63,0.0,?,-537.6,537.6,-90.0
50907000,0.00,-10.63,0.0,?,-537.6,537.6,-90.0
50908500,0.00,-10.64,0.0,?,-536.8,536.8,-90.0
50910000,0.00,-10.64,0.0,?,-537.0,537.0,-90.0
50911500,0.00,-10.69,0.0,?,-534.2,534.2,-90.0
50913000,0.00,-10.64,0.0,?,-536.9,536.9,-90.0
50914500,0.00,-10.70,0.0,?,-534.0,534.0,-90.0
50916000,0.00,-10.72,0.0,?,-533.1,533.1,-90.0
50917500,0.00,-10.71,0.0,?,-533.2,533.2,-90.0
50919000,0.00,-10.69,0.0,?,-534.5,534.5,-90.0
50920500,0.00,-10.74,0.0,?,-531.9,531.9,-90.0
50922000,0.00,-10.73,0.0,?,-532.3,532.3,-90.0
50923500,0.00,-10.74,0.0,?,-531.9,531.9,-90.0
50925000,0.00,-10.72,0.0,?,-532.8,532.8,-90.0
50926500,0.00,-10.79,0.0,?,-529.5,529.5,-90.0
50928000,0.00,-10.75,0.0,?,-531.5,531.5,-90.0
50929500,0.00,-10.79,0.0,?,-529.2,529.2,-90.0
50931000,0.00,-10.81,0.0,?,-528.7,528.7,-90.0
50932500,0.00,-10.82,0.0,?,-527.9,527.9,-90.0
50934000,0.00,-10.80,0.0,?,-529.0,529.0,-90.0
50935500,0.00,-10.79,0.0,?,-529.7,529.7,-90.0
50937000,0.00,-10.84,0.0,?,-526.9,526.9,-90.0
50938500,0.00,-10.82,0.0,?,-528.1,528.1,-90.0
50940000,0.00,-10.86,0.0,?,-525.9,525.9,-90.0
50941500,0.00,-10.84,0.0,?,-527.1,527.1,-90.0
50943000,0.00,-10.87,0.0,?,-525.6,525.6,-90.0
50944500,0.00,-10.87,0.0,?,-525.6,525.6,-90.0
50946000,0.00,-10.90,0.0,?,-524.3,524.3,-90.0
50947500,0.00,-10.88,0.0,?,-524.9,524.9,-90.0
50949000,0.00,-10.95,0.0,?,-521.7,521.7,-90.0
50950500,0.00,-10.91,0.0,?,-523.8,523.8,-90.0
50952000,0.00,-10.94,0.0,?,-522.3,522.3,-90.0
50953500,0.00,-10.91,0.0,?,-523.7,523.7,-90.0
50955000,0.00,-10.92,0.0,?,-523.1,523.1,-90.0
50956500,0.00,-10.95,0.0,?,-521.6,521.6,-90.0
50958000,0.00,-10.96,0.0,?,-521.0,521.0,-90.0
50959500,0.00,-10.97,0.0,?,-520.8,520.8,-90.0
50961000,0.00,-10.96,0.0,?,-521.0,521.0,-90.0
50962500,0.00,-11.00,0.0,?,-519.5,519.5,-90.0
50964000,0.00,-10.96,0.0,?,-521.2,521.2,-90.0
50965500,0.00,-11.00,0.0,?,-519.1,519.1,-90.0
50967000,0.00,-10.91,0.0,?,-523.7,523.7,-90.0
50968500,0.00,-11.02,0.0,?,-518.4,518.4,-90.0
50970000,0.00,-11.03,0.0,?,-517.7,517.7,-90.0
50971500,0.00,-11.07,0.0,?,-516.1,516.1,-90.0
50973000,0.00,-11.05,0.0,?,-517.1,517.1,-90.0
50974500,0.00,-11.09,0.0,?,-515.1,515.1,-90.0
50976000,0.00,-11.04,0.0,?,-517.3,517.3,-90.0
50977500,0.00,-11.07,0.0,?,-516.1,516.1,-90.0
50979000,0.00,-11.11,0.0,?,-514.0,514.0,-90.0
50980500,0.00,-11.11,0.0,?,-514.2,514.2,-90.0
50982000,0.00,-11.12,0.0,?,-513.7,513.7,-90.0
50983500,0.00,-11.13,0.0,?,-513.0,513.0,-90.0
50985000,0.00,-11.14,0.0,?,-512.5,512.5,-90.0
50986500,0.00,-11.19,0.0,?,-510.3,510.3,-90.0
50988000,0.00,-11.14,0.0,?,-512.9,512.9,-90.0
50989500,0.00,-11.18,0.0,?,-510.9,510.9,-90.0
50991000,0.00,-11.19,0.0,?,-510.3,510.3,-90.0
50992500,0.00,-11.15,0.0,?,-512.2,512.2,-90.0
50994000,0.00,-11.22,0.0,?,-509.0,509.0,-90.0
50995500,0.00,-11.21,0.0,?,-509.4,509.4,-90.0
50997000,0.00,-11.24,0.0,?,-508.3,508.3,-90.0
50998500,0.00,-11.26,0.0,?,-507.3,507.3,-90.0
51000000,0.00,-11.28,0.0,?,-506.4,506.4,-90.0
51001500,0.00,-11.27,0.0,?,-506.7,506.7,-90.0
51003000,0.00,-11.24,0.0,?,-508.2,508.2,-90.0
51004500,0.00,-11.27,0.0,?,-506.8,506.8,-90.0
51006000,0.00,-11.27,0.0,?,-506.7,506.7,-90.0
51007500,0.00,-11.34,0.0,?,-503.5,503.5,-90.0
51009000,0.00,-11.28,0.0,?,-506.4,506.4,-90.0
51010500,0.00,-11.27,0.0,?,-506.7,506.7,-90.0
51012000,0.00,-11.34,0.0,?,-503.5,503.5,-90.0
51013500,0.00,-11.30,0.0,?,-505.3,505.3,-90.0
51015000,0.00,-11.37,0.0,?,-502.1,502.1,-90.0
51016500,0.00,-11.35,0.0,?,-503.2,503.2,-90.0
51018000,0.00,-11.36,0.0,?,-502.5,502.5,-90.0
51019500,0.00,-11.38,0.0,?,-501.6,501.6,-90.0
51021000,0.00,-11.34,0.0,?,-503.4,503.4,-90.0
51022500,0.00,-11.38,0.0,?,-501.8,501.8,-90.0
51024000,0.00,-11.40,0.0,?,-501.1,501.1,-90.0
51025500,0.00,-11.42,0.0,?,-499.9,499.9,-90.0
51027000,0.00,-11.42,0.0,?,-500.1,500.1,-90.0
51028500,0.00,-11.44,0.0,?,-499.0,499.0,-90.0
51030000,0.00,-11.44,0.0,?,-499.0,499.0,-90.0
51031500,0.00,-11.48,0.0,?,-497.3,497.3,-90.0
51033000,0.00,-11.47,0.0,?,-497.8,497.8,-90.0
51034500,0.00,-11.48,0.0,?,-497.5,497.5,-90.0
51036000,0.00,-11.48,0.0,?,-497.4,497.4,-90.0
51037500,0.00,-11.48,0.0,?,-497.6,497.6,-90.0
51039000,0.00,-11.48,0.0,?,-497.4,497.4,-90.0
51040500,0.00,-11.55,0.0,?,-494.4,494.4,-90.0
51042000,0.00,-11.54,0.0,?,-494.8,494.8,-90.0
51043500,0.00,-11.53,0.0,?,-495.3,495.3,-90.0
51045000,0.00,-11.54,0.0,?,-494.8,494.8,-90.0
51046500,0.00,-11.56,0.0,?,-493.9,493.9,-90.0
51048000,0.00,-11.55,0.0,?,-494.4,494.4,-90.0
51049500,0.00,-11.62,0.0,?,-491.3,491.3,-90.0
51051000,0.00,-11.57,0.0,?,-493.4,493.4,-90.0
51052500,0.00,-11.62,0.0,?,-491.4,491.4,-90.0
51054000,0.00,-11.61,0.0,?,-492.0,492.0,-90.0
51055500,0.00,-11.63,0.0,?,-491.1,491.1,-90.0
51057000,0.00,-11.65,0.0,?,-490.3,490.3,-90.0
51058500,0.00,-11.64,0.0,?,-490.7,490.7,-90.0
51060000,0.00,-11.67,0.0,?,-489.4,489.4,-90.0
51061500,0.00,-11.66,0.0,?,-489.9,489.9,-90.0
51063000,0.00,-11.69,0.0,?,-488.5,488.5,-90.0
51064500,0.00,-11.68,0.0,?,-488.9,488.9,-90.0
51066000,0.00,-11.71,0.0,?,-487.8,487.8,-90.0
51067500,0.00,-11.70,0.0,?,-488.0,488.0,-90.0
51069000,0.00,-11.71,0.0,?,-487.8,487.8,-90.0
51070500,0.00,-11.71,0.0,?,-487.6,487.6,-90.0
51072000,0.00,-11.70,0.0,?,-487.8,487.8,-90.0
51073500,0.00,-11.75,0.0,?,-485.8,485.8,-90.0
51075000,0.00,-11.77,0.0,?,-485.0,485.0,-90.0
51076500,0.00,-11.76,0.0,?,-485.5,485.5,-90.0
51078000,0.00,-11.75,0.0,?,-485.9,485.9,-90.0
51079500,0.00,-11.80,0.0,?,-484.0,484.0,-90.0
51081000,0.00,-11.77,0.0,?,-485.2,485.2,-90.0
51082500,0.00,-11.86,0.0,?,-481.6,481.6,-90.0
51084000,0.00,-11.82,0.0,?,-483.0,483.0,-90.0
51085500,0.00,-11.86,0.0,?,-481.5,481.5,-90.0
51087000,0.00,-11.83,0.0,?,-482.6,482.6,-90.0
51088500,0.00,-11.84,0.0,?,-482.3,482.3,-90.0
51090000,0.00,-11.87,0.0,?,-480.8,480.8,-90.0
51091500,0.00,-11.89,0.0,?,-480.2,480.2,-90.0
51093000,0.00,-11.88,0.0,?,-480.6,480.6,-90.0
51094500,0.00,-11.88,0.0,?,-480.8,480.8,-90.0
51096000,0.00,-11.94,0.0,?,-478.2,478.2,-90.0
51097500,0.00,-11.87,0.0,?,-481.1,481.1,-90.0
51099000,0.00,-11.91,0.0,?,-479.5,479.5,-90.0
51100500,0.00,-11.96,0.0,?,-477.5,477.5,-90.0
51102000,0.00,-11.92,0.0,?,-478.8,478.8,-90.0
51103500,0.00,-11.96,0.0,?,-477.4,477.4,-90.0
51105000,0.00,-11.94,0.0,?,-478.0,478.0,-90.0
51106500,0.00,-11.96,0.0,?,-477.2,477.2,-90.0
51108000,0.00,-12.02,0.0,?,-474.8,474.8,-90.0
51109500,0.00,-12.01,0.0,?,-475.3,475.3,-90.0
51111000,0.00,-12.02,0.0,?,-475.0,475.0,-90.0
51112500,0.00,-12.04,0.0,?,-474.3,474.3,-90.0
51114000,0.00,-12.04,0.0,?,-474.0,474.0,-90.0
51115500,0.00,-12.09,0.0,?,-472.2,472.2,-90.0
51117000,0.00,-12.03,0.0,?,-474.4,474.4,-90.0
51118500,0.00,-12.08,0.0,?,-472.6,472.6,-90.0
51120000,0.00,-12.04,0.0,?,-474.1,474.1,-90.0
51121500,0.00,-12.09,0.0,?,-472.1,472.1,-90.0
51123000,0.00,-12.11,0.0,?,-471.5,471.5,-90.0
51124500,0.00,-12.07,0.0,?,-473.1,473.1,-90.0
51126000,0.00,-12.13,0.0,?,-470.7,470.7,-90.0
51127500,0.00,-12.10,0.0,?,-471.8,471.8,-90.0
51129000,0.00,-12.12,0.0,?,-470.8,470.8,-90.0
51130500,0.00,-12.14,0.0,?,-470.0,470.0,-90.0
51132000,0.00,-12.18,0.0,?,-468.8,468.8,-90.0
51133500,0.00,-12.13,0.0,?,-470.4,470.4,-90.0
51135000,0.00,-12.19,0.0,?,-468.4,468.4,-90.0
51136500,0.00,-12.20,0.0,?,-467.8,467.8,-90.0
51138000,0.00,-12.25,0.0,?,-466.0,466.0,-90.0
51139500,0.00,-12.20,0.0,?,-467.9,467.9,-90.0
51141000,0.00,-12.23,0.0,?,-466.5,466.5,-90.0
51142500,0.00,-12.27,0.0,?,-465.3,465.3,-90.0
51144000,0.00,-12.27,0.0,?,-465.3,465.3,-90.0
51145500,0.00,-12.24,0.0,?,-466.2,466.2,-90.0
51147000,0.00,-12.29,0.0,?,-464.5,464.5,-90.0
51148500,0.00,-12.30,0.0,?,-464.1,464.1,-90.0
51150000,0.00,-12.30,0.0,?,-463.8,463.8,-90.0
51151500,0.00,-12.31,0.0,?,-463.6,463.6,-90.0
51153000,0.00,-12.32,0.0,?,-463.5,463.5,-90.0
51154500,0.00,-12.38,0.0,?,-461.1,461.1,-90.0
51156000,0.00,-12.34,0.0,?,-462.4,462.4,-90.0
51157500,0.00,-12.35,0.0,?,-462.1,462.1,-90.0
51159000,0.00,-12.37,0.0,?,-461.2,461.2,-90.0
51160500,0.00,-12.36,0.0,?,-461.7,461.7,-90.0
51162000,0.00,-12.37,0.0,?,-461.2,461.2,-90.0
51163500,0.00,-12.44,0.0,?,-458.8,458.8,-90.0
51165000,0.00,-12.41,0.0,?,-460.1,460.1,-90.0
51166500,0.00,-12.41,0.0,?,-459.9,459.9,-90.0
51168000,0.00,-12.41,0.0,?,-459.7,459.7,-90.0
51169500,0.00,-12.46,0.0,?,-457.9,457.9,-90.0
51171000,0.00,-12.42,0.0,?,-459.5,459.5,-90.0
51172500,0.00,-12.50,0.0,?,-456.5,456.5,-90.0
51174000,0.00,-12.47,0.0,?,-457.6,457.6,-90.0
51175500,0.00,-12.47,0.0,?,-457.5,457.5,-90.0
51177000,0.00,-12.53,0.0,?,-455.5,455.5,-90.0
51178500,0.00,-12.54,0.0,?,-455.2,455.2,-90.0
51180000,0.00,-12.51,0.0,?,-456.0,456.0,-90.0
51181500,0.00,-12.54,0.0,?,-455.2,455.2,-90.0
51183000,0.00,-12.54,0.0,?,-455.1,455.1,-90.0
51184500,0.00,-12.58,0.0,?,-453.7,453.7,-90.0
51186000,0.00,-12.54,0.0,?,-455.2,455.2,-90.0
51187500,0.00,-12.60,0.0,?,-452.9,452.9,-90.0
51189000,0.00,-12.61,0.0,?,-452.5,452.5,-90.0
51190500,0.00,-12.57,0.0,?,-454.1,454.1,-90.0
51192000,0.00,-12.63,0.0,?,-451.8,451.8,-90.0
51193500,0.00,-12.61,0.0,?,-452.4,452.4,-90.0
51195000,0.00,-12.64,0.0,?,-451.5,451.5,-90.0
51196500,0.00,-12.66,0.0,?,-450.8,450.8,-90.0
51198000,0.00,-12.63,0.0,?,-451.9,451.9,-90.0
51199500,0.00,-12.70,0.0,?,-449.4,449.4,-90.0
51201000,0.00,-12.69,0.0,?,-449.7,449.7,-90.0
51202500,0.00,-12.71,0.0,?,-449.0,449.0,-90.0
51204000,0.00,-12.72,0.0,?,-448.5,448.5,-90.0
51205500,0.00,-12.73,0.0,?,-448.1,448.1,-90.0
51207000,0.00,-12.76,0.0,?,-447.1,447.1,-90.0
51208500,0.00,-12.75,0.0,?,-447.5,447.5,-90.0
51210000,0.00,-12.74,0.0,?,-447.7,447.7,-90.0
51211500,0.00,-12.77,0.0,?,-446.7,446.7,-90.0
51213000,0.00,-12.76,0.0,?,-447.2,447.2,-90.0
51214500,0.00,-12.82,0.0,?,-445.2,445.2,-90.0
51216000,0.00,-12.79,0.0,?,-446.2,446.2,-90.0
51217500,0.00,-12.79,0.0,?,-446.1,446.1,-90.0
51219000,0.00,-12.82,0.0,?,-444.9,444.9,-90.0
51220500,0.00,-12.87,0.0,?,-443.2,443.2,-90.0
51222000,0.00,-12.84,0.0,?,-444.5,444.5,-90.0
51223500,0.00,-12.81,0.0,?,-445.4,445.4,-90.0
51225000,0.00,-12.87,0.0,?,-443.5,443.5,-90.0
51226500,0.00,-12.87,0.0,?,-443.4,443.4,-90.0
51228000,0.00,-12.89,0.0,?,-442.7,442.7,-90.0
51229500,0.00,-12.90,0.0,?,-442.3,442.3,-90.0
51231000,0.00,-12.92,0.0,?,-441.7,441.7,-90.0
51232500,0.00,-12.91,0.0,?,-441.8,441.8,-90.0
51234000,0.00,-12.92,0.0,?,-441.7,441.7,-90.0
51235500,0.00,-12.93,0.0,?,-441.4,441.4,-90.0
51237000,0.00,-12.98,0.0,?,-439.5,439.5,-90.0
51238500,0.00,-12.94,0.0,?,-440.9,440.9,-90.0
51240000,0.00,-13.02,0.0,?,-438.3,438.3,-90.0
51241500,0.00,-13.01,0.0,?,-438.4,438.4,-90.0
51243000,0.00,-13.00,0.0,?,-439.0,439.0,-90.0
51244500,0.00,-12.99,0.0,?,-439.0,439.0,-90.0
51246000,0.00,-13.03,0.0,?,-437.7,437.7,-90.0
51247500,0.00,-13.05,0.0,?,-437.1,437.1,-90.0
51249000,0.00,-13.02,0.0,?,-438.3,438.3,-90.0
51250500,0.00,-13.03,0.0,?,-437.8,437.8,-90.0
51252000,0.00,-13.04,0.0,?,-437.5,437.5,-90.0
51253500,0.00,-13.06,0.0,?,-436.8,436.8,-90.0
51255000,0.00,-13.10,0.0,?,-435.6,435.6,-90.0
51256500,0.00,-13.13,0.0,?,-434.4,434.4,-90.0
51258000,0.00,-13.12,0.0,?,-434.7,434.7,-90.0
51259500,0.00,-13.06,0.0,?,-436.9,436.9,-90.0
51261000,0.00,-13.12,0.0,?,-434.8,434.8,-90.0
51262500,0.00,-13.17,0.0,?,-433.1,433.1,-90.0
51264000,0.00,-13.13,0.0,?,-434.5,434.5,-90.0
51265500,0.00,-13.14,0.0,?,-434.2,434.2,-90.0
51267000,0.00,-13.17,0.0,?,-433.0,433.0,-90.0
51268500,0.00,-13.16,0.0,?,-433.6,433.6,-90.0
51270000,0.00,-13.18,0.0,?,-432.7,432.7,-90.0
51271500,0.00,-13.21,0.0,?,-431.7,431.7,-90.0
51273000,0.00,-13.27,0.0,?,-429.7,429.7,-90.0
51274500,0.00,-13.26,0.0,?,-430.2,430.2,-90.0
51276000,0.00,-13.26,0.0,?,-430.2,430.2,-90.0
51277500,0.00,-13.27,0.0,?,-429.8,429.8,-90.0
51279000,0.00,-13.24,0.0,?,-430.7,430.7,-90.0
51280500,0.00,-13.27,0.0,?,-429.7,429.7,-90.0
51282000,0.00,-13.30,0.0,?,-428.9,428.9,-90.0
51283500,0.00,-13.26,0.0,?,-430.2,430.2,-90.0
51285000,0.00,-13.25,0.0,?,-430.4,430.4,-90.0
51286500,0.00,-13.29,0.0,?,-429.1,429.1,-90.0
51288000,0.00,-13.36,0.0,?,-426.9,426.9,-90.0
51289500,0.00,-13.35,0.0,?,-427.2,427.2,-90.0
51291000,0.00,-13.34,0.0,?,-427.4,427.4,-90.0
51292500,0.00,-13.37,0.0,?,-426.7,426.7,-90.0
51294000,0.00,-13.42,0.0,?,-425.0,425.0,-90.0
51295500,0.00,-13.39,0.0,?,-426.1,426.1,-90.0
51297000,0.00,-13.40,0.0,?,-425.6,425.6,-90.0
51298500,0.00,-13.42,0.0,?,-425.0,425.0,-90.0
51300000,0.00,-13.40,0.0,?,-425.5,425.5,-90.0
51301500,0.00,-13.44,0.0,?,-424.2,424.2,-90.0
51303000,0.00,-13.49,0.0,?,-422.8,422.8,-90.0
51304500,0.00,-13.44,0.0,?,-424.2,424.2,-90.0
51306000,0.00,-13.47,0.0,?,-423.4,423.4,-90.0
51307500,0.00,-13.50,0.0,?,-422.4,422.4,-90.0
51309000,0.00,-13.53,0.0,?,-421.6,421.6,-90.0
51310500,0.00,-13.49,0.0,?,-422.8,422.8,-90.0
51312000,0.00,-13.55,0.0,?,-421.0,421.0,-90.0
51313500,0.00,-13.54,0.0,?,-421.2,421.2,-90.0
51315000,0.00,-13.56,0.0,?,-420.6,420.6,-90.0
51316500,0.00,-13.60,0.0,?,-419.2,419.2,-90.0
51318000,0.00,-13.58,0.0,?,-420.0,420.0,-90.0
51319500,0.00,-13.57,0.0,?,-420.4,420.4,-90.0
51321000,0.00,-13.63,0.0,?,-418.5,418.5,-90.0
51322500,0.00,-13.58,0.0,?,-420.1,420.1,-90.0
51324000,0.00,-13.65,0.0,?,-417.8,417.8,-90.0
51325500,0.00,-13.65,0.0,?,-417.7,417.7,-90.0
51327000,0.00,-13.61,0.0,?,-418.8,418.8,-90.0
51328500,0.00,-13.63,0.0,?,-418.2,418.2,-90.0
51330000,0.00,-13.66,0.0,?,-417.5,417.5,-90.0
51331500,0.00,-13.66,0.0,?,-417.4,417.4,-90.0
51333000,0.00,-13.75,0.0,?,-414.6,414.6,-90.0
51334500,0.00,-13.70,0.0,?,-416.2,416.2,-90.0
51336000,0.00,-13.70,0.0,?,-416.1,416.1,-90.0
51337500,0.00,-13.69,0.0,?,-416.5,416.5,-90.0
51339000,0.00,-13.74,0.0,?,-414.9,414.9,-90.0
51340500,0.00,-13.75,0.0,?,-414.6,414.6,-90.0
51342000,0.00,-13.78,0.0,?,-413.9,413.9,-90.0
51343500,0.00,-13.78,0.0,?,-413.8,413.8,-90.0
51345000,0.00,-13.76,0.0,?,-414.3,414.3,-90.0
51346500,0.00,-13.79,0.0,?,-413.6,413.6,-90.0
51348000,0.00,-13.80,0.0,?,-413.2,413.2,-90.0
51349500,0.00,-13.85,0.0,?,-411.7,411.7,-90.0
51351000,0.00,-13.80,0.0,?,-413.3,413.3,-90.0
51352500,0.00,-13.85,0.0,?,-411.7,411.7,-90.0
51354000,0.00,-13.87,0.0,?,-411.0,411.0,-90.0
51355500,0.00,-13.90,0.0,?,-410.2,410.2,-90.0
51357000,0.00,-13.91,0.0,?,-409.9,409.9,-90.0
51358500,0.00,-13.84,0.0,?,-412.1,412.1,-90.0
51360000,0.00,-13.87,0.0,?,-411.0,411.0,-90.0
51361500,0.00,-13.91,0.0,?,-410.0,410.0,-90.0
51363000,0.00,-13.93,0.0,?,-409.4,409.4,-90.0
51364500,0.00,-13.94,0.0,?,-408.9,408.9,-90.0
51366000,0.00,-13.97,0.0,?,-408.1,408.1,-90.0
51367500,0.00,-13.97,0.0,?,-408.2,408.2,-90.0
51369000,0.00,-13.98,0.0,?,-407.9,407.9,-90.0
51370500,0.00,-13.98,0.0,?,-407.9,407.9,-90.0
51372000,0.00,-13.97,0.0,?,-408.0,408.0,-90.0
51373500,0.00,-13.97,0.0,?,-408.1,408.1,-90.0
51375000,0.00,-13.98,0.0,?,-407.8,407.8,-90.0
51376500,0.00,-14.03,0.0,?,-406.3,406.3,-90.0
51378000,0.00,-14.00,0.0,?,-407.2,407.2,-90.0
51379500,0.00,-14.05,0.0,?,-405.6,405.6,-90.0
51381000,0.00,-14.11,0.0,?,-403.9,403.9,-90.0
51382500,0.00,-14.09,0.0,?,-404.6,404.6,-90.0
51384000,0.00,-14.10,0.0,?,-404.3,404.3,-90.0
51385500,0.00,-14.13,0.0,?,-403.4,403.4,-90.0
51387000,0.00,-14.13,0.0,?,-403.3,403.3,-90.0
51388500,0.00,-14.11,0.0,?,-404.0,404.0,-90.0
51390000,0.00,-14.14,0.0,?,-403.3,403.3,-90.0
51391500,0.00,-14.09,0.0,?,-404.6,404.6,-90.0
51393000,0.00,-14.15,0.0,?,-402.8,402.8,-90.0
51394500,0.00,-14.17,0.0,?,-402.2,402.2,-90.0
51396000,0.00,-14.20,0.0,?,-401.4,401.4,-90.0
51397500,0.00,-14.19,0.0,?,-401.8,401.8,-90.0
51399000,0.00,-14.25,0.0,?,-400.0,400.0,-90.0
51400500,0.00,-14.19,0.0,?,-401.6,401.6,-90.0
51402000,0.00,-14.24,0.0,?,-400.2,400.2,-90.0
51403500,0.00,-14.24,0.0,?,-400.4,400.4,-90.0
51405000,0.00,-14.24,0.0,?,-400.3,400.3,-90.0
51406500,0.00,-14.24,0.0,?,-400.2,400.2,-90.0
51408000,0.00,-14.27,0.0,?,-399.4,399.4,-90.0
51409500,0.00,-14.32,0.0,?,-398.1,398.1,-90.0
51411000,0.00,-14.31,0.0,?,-398.4,398.4,-90.0
51412500,0.00,-14.32,0.0,?,-398.0,398.0,-90.0
51414000,0.00,-14.33,0.0,?,-397.7,397.7,-90.0
51415500,0.00,-14.37,0.0,?,-396.6,396.6,-90.0
51417000,0.00,-14.34,0.0,?,-397.4,397.4,-90.0
51418500,0.00,-14.36,0.0,?,-396.9,396.9,-90.0
51420000,0.00,-14.34,0.0,?,-397.5,397.5,-90.0
51421500,0.00,-14.37,0.0,?,-396.6,396.6,-90.0
51423000,0.00,-14.41,0.0,?,-395.5,395.5,-90.0
51424500,0.00,-14.39,0.0,?,-396.0,396.0,-90.0
51426000,0.00,-14.43,0.0,?,-395.1,395.1,-90.0
51427500,0.00,-14.47,0.0,?,-394.0,394.0,-90.0
51429000,0.00,-14.41,0.0,?,-395.4,395.4,-90.0
51430500,0.00,-14.48,0.0,?,-393.5,393.5,-90.0
51432000,0.00,-14.48,0.0,?,-393.6,393.6,-90.0
51433500,0.00,-14.48,0.0,?,-393.6,393.6,-90.0
51435000,0.00,-14.53,0.0,?,-392.2,392.2,-90.0
51436500,0.00,-14.47,0.0,?,-393.8,393.8,-90.0
51438000,0.00,-14.52,0.0,?,-392.6,392.6,-90.0
51439500,0.00,-14.52,0.0,?,-392.6,392.6,-90.0
51441000,0.00,-14.52,0.0,?,-392.5,392.5,-90.0
51442500,0.00,-14.51,0.0,?,-392.9,392.9,-90.0
51444000,0.00,-14.59,0.0,?,-390.6,390.6,-90.0
51445500,0.00,-14.58,0.0,?,-390.9,390.9,-90.0
51447000,0.00,-14.60,0.0,?,-390.2,390.2,-90.0
51448500,0.00,-14.60,0.0,?,-390.3,390.3,-90.0
51450000,0.00,-14.62,0.0,?,-389.9,389.9,-90.0
51451500,0.00,-14.63,0.0,?,-389.4,389.4,-90.0
51453000,0.00,-14.62,0.0,?,-389.7,389.7,-90.0
51454500,0.00,-14.64,0.0,?,-389.3,389.3,-90.0
51456000,0.00,-14.68,0.0,?,-388.3,388.3,-90.0
51457500,0.00,-14.65,0.0,?,-388.9,388.9,-90.0
51459000,0.00,-14.73,0.0,?,-386.7,386.7,-90.0
51460500,0.00,-14.72,0.0,?,-387.0,387.0,-90.0
51462000,0.00,-14.74,0.0,?,-386.4,386.4,-90.0
51463500,0.00,-14.72,0.0,?,-387.0,387.0,-90.0
51465000,0.00,-14.74,0.0,?,-386.5,386.5,-90.0
51466500,0.00,-14.77,0.0,?,-385.6,385.6,-90.0
51468000,0.00,-14.73,0.0,?,-386.8,386.8,-90.0
51469500,0.00,-14.74,0.0,?,-386.6,386.6,-90.0
51471000,0.00,-14.76,0.0,?,-385.9,385.9,-90.0
51472500,0.00,-14.82,0.0,?,-384.5,384.5,-90.0
51474000,0.00,-14.82,0.0,?,-384.4,384.4,-90.0
51475500,0.00,-14.84,0.0,?,-384.0,384.0,-90.0
51477000,0.00,-14.88,0.0,?,-383.0,383.0,-90.0
51478500,0.00,-14.88,0.0,?,-383.0,383.0,-90.0
51480000,0.00,-14.87,0.0,?,-383.2,383.2,-90.0
51481500,0.00,-14.84,0.0,?,-383.9,383.9,-90.0
51483000,0.00,-14.90,0.0,?,-382.4,382.4,-90.0
51484500,0.00,-14.91,0.0,?,-382.1,382.1,-90.0
51486000,0.00,-14.92,0.0,?,-381.9,381.9,-90.0
51487500,0.00,-14.91,0.0,?,-382.0,382.0,-90.0
51489000,0.00,-14.95,0.0,?,-381.0,381.0,-90.0
51490500,0.00,-14.96,0.0,?,-380.9,380.9,-90.0
51492000,0.00,-15.00,0.0,?,-379.7,379.7,-90.0
51493500,0.00,-14.94,0.0,?,-381.3,381.3,-90.0
51495000,0.00,-15.01,0.0,?,-379.6,379.6,-90.0
51496500,0.00,-15.01,0.0,?,-379.6,379.6,-90.0
51498000,0.00,-15.02,0.0,?,-379.2,379.2,-90.0
51499500,0.00,-15.00,0.0,?,-379.8,379.8,-90.0
51501000,0.00,-15.02,0.0,?,-379.3,379.3,-90.0
51502500,0.00,-15.04,0.0,?,-378.7,378.7,-90.0
51504000,0.00,-15.04,0.0,?,-378.6,378.6,-90.0
51505500,0.00,-15.06,0.0,?,-378.3,378.3,-90.0
51507000,0.00,-15.07,0.0,?,-377.9,377.9,-90.0
51508500,0.00,-15.12,0.0,?,-376.8,376.8,-90.0
51510000,0.00,-15.11,0.0,?,-376.9,376.9,-90.0
51511500,0.00,-15.08,0.0,?,-377.7,377.7,-90.0
51513000,0.00,-15.13,0.0,?,-376.5,376.5,-90.0
51514500,0.00,-15.12,0.0,?,-376.8,376.8,-90.0
51516000,0.00,-15.16,0.0,?,-375.9,375.9,-90.0
51517500,0.00,-15.20,0.0,?,-374.7,374.7,-90.0
51519000,0.00,-15.19,0.0,?,-375.0,375.0,-90.0
51520500,0.00,-15.22,0.0,?,-374.2,374.2,-90.0
51522000,0.00,-15.22,0.0,?,-374.2,374.2,-90.0
51523500,0.00,-15.20,0.0,?,-374.6,374.6,-90.0
51525000,0.00,-15.26,0.0,?,-373.2,373.2,-90.0
51526500,0.00,-15.23,0.0,?,-374.0,374.0,-90.0
51528000,0.00,-15.31,0.0,?,-372.1,372.1,-90.0
51529500,0.00,-15.29,0.0,?,-372.5,372.5,-90.0
51531000,0.00,-15.27,0.0,?,-373.1,373.1,-90.0
51532500,0.00,-15.31,0.0,?,-371.9,371.9,-90.0
51534000,0.00,-15.31,0.0,?,-372.1,372.1,-90.0
51535500,0.00,-15.31,0.0,?,-372.1,372.1,-90.0
51537000,0.00,-15.35,0.0,?,-371.1,371.1,-90.0
51538500,0.00,-15.36,0.0,?,-370.9,370.9,-90.0
51540000,0.00,-15.36,0.0,?,-370.9,370.9,-90.0
51541500,0.00,-15.38,0.0,?,-370.4,370.4,-90.0
51543000,0.00,-15.39,0.0,?,-370.1,370.1,-90.0
51544500,0.00,-15.42,0.0,?,-369.4,369.4,-90.0
51546000,0.00,-15.40,0.0,?,-369.8,369.8,-90.0
51547500,0.00,-15.43,0.0,?,-369.0,369.0,-90.0
51549000,0.00,-15.45,0.0,?,-368.7,368.7,-90.0
51550500,0.00,-15.52,0.0,?,-367.0,367.0,-90.0
51552000,0.00,-15.45,0.0,?,-368.7,368.7,-90.0
51553500,0.00,-15.52,0.0,?,-366.9,366.9,-90.0
51555000,0.00,-15.53,0.0,?,-366.7,366.7,-90.0
51556500,0.00,-15.51,0.0,?,-367.1,367.1,-90.0
51558000,0.00,-15.59,0.0,?,-365.3,365.3,-90.0
51559500,0.00,-15.56,0.0,?,-366.0,366.0,-90.0
51561000,0.00,-15.56,0.0,?,-366.1,366.1,-90.0
51562500,0.00,-15.58,0.0,?,-365.6,365.6,-90.0
51564000,0.00,-15.56,0.0,?,-365.9,365.9,-90.0
51565500,0.00,-15.59,0.0,?,-365.3,365.3,-90.0
51567000,0.00,-15.58,0.0,?,-365.5,365.5,-90.0
51568500,0.00,-15.59,0.0,?,-365.2,365.2,-90.0
51570000,0.00,-15.64,0.0,?,-364.0,364.0,-90.0
51571500,0.00,-15.62,0.0,?,-364.6,364.6,-90.0
51573000,0.00,-15.67,0.0,?,-363.3,363.3,-90.0
51574500,0.00,-15.70,0.0,?,-362.7,362.7,-90.0
51576000,0.00,-15.69,0.0,?,-362.9,362.9,-90.0
51577500,0.00,-15.70,0.0,?,-362.7,362.7,-90.0
51579000,0.00,-15.70,0.0,?,-362.6,362.6,-90.0
51580500,0.00,-15.75,0.0,?,-361.6,361.6,-90.0
51582000,0.00,-15.76,0.0,?,-361.2,361.2,-90.0
51583500,0.00,-15.74,0.0,?,-361.8,361.8,-90.0
51585000,0.00,-15.79,0.0,?,-360.6,360.6,-90.0
51586500,0.00,-15.77,0.0,?,-361.0,361.0,-90.0
51588000,0.00,-15.81,0.0,?,-360.2,360.2,-90.0
51589500,0.00,-15.79,0.0,?,-360.5,360.5,-90.0
51591000,0.00,-15.80,0.0,?,-360.4,360.4,-90.0
51592500,0.00,-15.84,0.0,?,-359.5,359.5,-90.0
51594000,0.00,-15.86,0.0,?,-358.9,358.9,-90.0
51595500,0.00,-15.86,0.0,?,-359.0,359.0,-90.0
51597000,0.00,-15.90,0.0,?,-358.0,358.0,-90.0
51598500,0.00,-15.88,0.0,?,-358.6,358.6,-90.0
51600000,0.00,-15.85,0.0,?,-359.3,359.3,-90.0
51601500,0.00,-15.91,0.0,?,-357.8,357.8,-90.0
51603000,0.00,-15.91,0.0,?,-357.8,357.8,-90.0
51604500,0.00,-15.94,0.0,?,-357.1,357.1,-90.0
51606000,0.00,-15.97,0.0,?,-356.4,356.4,-90.0
51607500,0.00,-15.95,0.0,?,-356.8,356.8,-90.0
51609000,0.00,-16.02,0.0,?,-355.3,355.3,-90.0
51610500,0.00,-16.01,0.0,?,-355.5,355.5,-90.0
51612000,0.00,-15.99,0.0,?,-356.0,356.0,-90.0
51613500,0.00,-16.08,0.0,?,-354.0,354.0,-90.0
51615000,0.00,-16.01,0.0,?,-355.5,355.5,-90.0
51616500,0.00,-16.02,0.0,?,-355.3,355.3,-90.0
51618000,0.00,-16.05,0.0,?,-354.6,354.6,-90.0
51619500,0.00,-16.10,0.0,?,-353.5,353.5,-90.0
51621000,0.00,-16.08,0.0,?,-353.9,353.9,-90.0
51622500,0.00,-16.11,0.0,?,-353.2,353.2,-90.0
51624000,0.00,-16.12,0.0,?,-353.0,353.0,-90.0
51625500,0.00,-16.12,0.0,?,-353.1,353.1,-90.0
51627000,0.00,-16.12,0.0,?,-353.1,353.1,-90.0
51628500,0.00,-16.16,0.0,?,-352.2,352.2,-90.0
51630000,0.00,-16.19,0.0,?,-351.6,351.6,-90.0
51631500,0.00,-16.21,0.0,?,-351.2,351.2,-90.0
51633000,0.00,-16.15,0.0,?,-352.4,352.4,-90.0
51634500,0.00,-16.25,0.0,?,-350.3,350.3,-90.0
51636000,0.00,-16.24,0.0,?,-350.4,350.4,-90.0
51637500,0.00,-16.27,0.0,?,-349.9,349.9,-90.0
51639000,0.00,-16.27,0.0,?,-349.7,349.7,-90.0
51640500,0.00,-16.29,0.0,?,-349.4,349.4,-90.0
51642000,0.00,-16.29,0.0,?,-349.3,349.3,-90.0
51643500,0.00,-16.29,0.0,?,-349.3,349.3,-90.0
51645000,0.00,-16.33,0.0,?,-348.4,348.4,-90.0
51646500,0.00,-16.34,0.0,?,-348.2,348.2,-90.0
51648000,0.00,-16.29,0.0,?,-349.3,349.3,-90.0
51649500,0.00,-16.30,0.0,?,-349.0,349.0,-90.0
51651000,0.00,-16.36,0.0,?,-347.9,347.9,-90.0
51652500,0.00,-16.42,0.0,?,-346.6,346.6,-90.0
51654000,0.00,-16.38,0.0,?,-347.5,347.5,-90.0
51655500,0.00,-16.40,0.0,?,-347.0,347.0,-90.0
51657000,0.00,-16.39,0.0,?,-347.1,347.1,-90.0
51658500,0.00,-16.38,0.0,?,-347.4,347.4,-90.0
51660000,0.00,-16.43,0.0,?,-346.3,346.3,-90.0
51661500,0.00,-16.43,0.0,?,-346.3,346.3,-90.0
51663000,0.00,-16.46,0.0,?,-345.6,345.6,-90.0
51664500,0.00,-16.43,0.0,?,-346.3,346.3,-90.0
51666000,0.00,-16.47,0.0,?,-345.5,345.5,-90.0
51667500,0.00,-16.49,0.0,?,-345.1,345.1,-90.0
51669000,0.00,-16.54,0.0,?,-343.9,343.9,-90.0
51670500,0.00,-16.55,0.0,?,-343.8,343.8,-90.0
51672000,0.00,-16.54,0.0,?,-344.0,344.0,-90.0
51673500,0.00,-16.55,0.0,?,-343.7,343.7,-90.0
51675000,0.00,-16.59,0.0,?,-342.9,342.9,-90.0
51676500,0.00,-16.57,0.0,?,-343.5,343.5,-90.0
51678000,0.00,-16.61,0.0,?,-342.5,342.5,-90.0
51679500,0.00,-16.62,0.0,?,-342.3,342.3,-90.0
51681000,0.00,-16.65,0.0,?,-341.6,341.6,-90.0
51682500,0.00,-16.63,0.0,?,-342.1,342.1,-90.0
51684000,0.00,-16.64,0.0,?,-341.9,341.9,-90.0
51685500,0.00,-16.68,0.0,?,-341.0,341.0,-90.0
51687000,0.00,-16.65,0.0,?,-341.6,341.6,-90.0
51688500,0.00,-16.70,0.0,?,-340.7,340.7,-90.0
51690000,0.00,-16.70,0.0,?,-340.7,340.7,-90.0
51691500,0.00,-16.71,0.0,?,-340.4,340.4,-90.0
51693000,0.00,-16.74,0.0,?,-339.9,339.9,-90.0
51694500,0.00,-16.71,0.0,?,-340.4,340.4,-90.0
51696000,0.00,-16.73,0.0,?,-340.1,340.1,-90.0
51697500,0.00,-16.75,0.0,?,-339.7,339.7,-90.0
51699000,0.00,-16.79,0.0,?,-338.9,338.9,-90.0
51700500,0.00,-16.79,0.0,?,-338.7,338.7,-90.0
51702000,0.00,-16.82,0.0,?,-338.1,338.1,-90.0
51703500,0.00,-16.82,0.0,?,-338.1,338.1,-90.0
51705000,0.00,-16.85,0.0,?,-337.6,337.6,-90.0
51706500,0.00,-16.90,0.0,?,-336.6,336.6,-90.0
51708000,0.00,-16.85,0.0,?,-337.6,337.6,-90.0
51709500,0.00,-16.88,0.0,?,-336.9,336.9,-90.0
51711000,0.00,-16.88,0.0,?,-337.0,337.0,-90.0
51712500,0.00,-16.89,0.0,?,-336.8,336.8,-90.0
51714000,0.00,-16.91,0.0,?,-336.3,336.3,-90.0
51715500,0.00,-16.96,0.0,?,-335.4,335.4,-90.0
51717000,0.00,-16.96,0.0,?,-335.3,335.3,-90.0
51718500,0.00,-17.01,0.0,?,-334.3,334.3,-90.0
51720000,0.00,-16.97,0.0,?,-335.1,335.1,-90.0
51721500,0.00,-17.01,0.0,?,-334.4,334.4,-90.0
51723000,0.00,-16.98,0.0,?,-334.9,334.9,-90.0
51724500,0.00,-17.01,0.0,?,-334.3,334.3,-90.0
51726000,0.00,-17.03,0.0,?,-334.0,334.0,-90.0
51727500,0.00,-17.02,0.0,?,-334.1,334.1,-90.0
51729000,0.00,-17.10,0.0,?,-332.5,332.5,-90.0
51730500,0.00,-17.09,0.0,?,-332.7,332.7,-90.0
51732000,0.00,-17.12,0.0,?,-332.3,332.3,-90.0
51733500,0.00,-17.10,0.0,?,-332.6,332.6,-90.0
51735000,0.00,-17.14,0.0,?,-331.8,331.8,-90.0
51736500,0.00,-17.15,0.0,?,-331.6,331.6,-90.0
51738000,0.00,-17.18,0.0,?,-331.0,331.0,-90.0
51739500,0.00,-17.16,0.0,?,-331.4,331.4,-90.0
51741000,0.00,-17.18,0.0,?,-330.9,330.9,-90.0
51742500,0.00,-17.15,0.0,?,-331.6,331.6,-90.0
51744000,0.00,-17.22,0.0,?,-330.3,330.3,-90.0
51745500,0.00,-17.21,0.0,?,-330.4,330.4,-90.0
51747000,0.00,-17.27,0.0,?,-329.2,329.2,-90.0
51748500,0.00,-17.25,0.0,?,-329.7,329.7,-90.0
51750000,0.00,-17.28,0.0,?,-329.1,329.1,-90.0
51751500,0.00,-17.25,0.0,?,-329.6,329.6,-90.0
51753000,0.00,-17.28,0.0,?,-329.1,329.1,-90.0
51754500,0.00,-17.26,0.0,?,-329.4,329.4,-90.0
51756000,0.00,-17.29,0.0,?,-328.9,328.9,-90.0
51757500,0.00,-17.33,0.0,?,-328.2,328.2,-90.0
51759000,0.00,-17.32,0.0,?,-328.3,328.3,-90.0
51760500,0.00,-17.35,0.0,?,-327.8,327.8,-90.0
51762000,0.00,-17.34,0.0,?,-327.9,327.9,-90.0
51763500,0.00,-17.36,0.0,?,-327.6,327.6,-90.0
51765000,0.00,-17.39,0.0,?,-327.0,327.0,-90.0
51766500,0.00,-17.43,0.0,?,-326.2,326.2,-90.0
51768000,0.00,-17.48,0.0,?,-325.3,325.3,-90.0
51769500,0.00,-17.46,0.0,?,-325.7,325.7,-90.0
51771000,0.00,-17.45,0.0,?,-325.8,325.8,-90.0
51772500,0.00,-17.49,0.0,?,-325.0,325.0,-90.0
51774000,0.00,-17.48,0.0,?,-325.2,325.2,-90.0
51775500,0.00,-17.52,0.0,?,-324.5,324.5,-90.0
51777000,0.00,-17.53,0.0,?,-324.3,324.3,-90.0
51778500,0.00,-17.55,0.0,?,-323.9,323.9,-90.0
51780000,0.00,-17.56,0.0,?,-323.8,323.8,-90.0
51781500,0.00,-17.59,0.0,?,-323.2,323.2,-90.0
51783000,0.00,-17.58,0.0,?,-323.3,323.3,-90.0
51784500,0.00,-17.58,0.0,?,-323.4,323.4,-90.0
51786000,0.00,-17.63,0.0,?,-322.5,322.5,-90.0
51787500,0.00,-17.61,0.0,?,-322.8,322.8,-90.0
51789000,0.00,-17.61,0.0,?,-322.8,322.8,-90.0
51790500,0.00,-17.62,0.0,?,-322.5,322.5,-90.0
51792000,0.00,-17.67,0.0,?,-321.6,321.6,-90.0
51793500,0.00,-17.67,0.0,?,-321.7,321.7,-90.0
51795000,0.00,-17.65,0.0,?,-322.1,322.1,-90.0
51796500,0.00,-17.70,0.0,?,-321.2,321.2,-90.0
51798000,0.00,-17.75,0.0,?,-320.3,320.3,-90.0
51799500,0.00,-17.70,0.0,?,-321.1,321.1,-90.0
51801000,0.00,-17.69,0.0,?,-321.2,321.2,-90.0
51802500,0.00,-17.75,0.0,?,-320.2,320.2,-90.0
51804000,0.00,-17.78,0.0,?,-319.7,319.7,-90.0
51805500,0.00,-17.77,0.0,?,-319.8,319.8,-90.0
51807000,0.00,-17.80,0.0,?,-319.3,319.3,-90.0
51808500,0.00,-17.80,0.0,?,-319.3,319.3,-90.0
51810000,0.00,-17.81,0.0,?,-319.1,319.1,-90.0
51811500,0.00,-17.84,0.0,?,-318.5,318.5,-90.0
51813000,0.00,-17.86,0.0,?,-318.2,318.2,-90.0
51814500,0.00,-17.87,0.0,?,-318.0,318.0,-90.0
51816000,0.00,-17.89,0.0,?,-317.6,317.6,-90.0
51817500,0.00,-17.91,0.0,?,-317.3,317.3,-90.0
51819000,0.00,-17.93,0.0,?,-316.9,316.9,-90.0
51820500,0.00,-17.96,0.0,?,-316.4,316.4,-90.0
51822000,0.00,-17.98,0.0,?,-316.1,316.1,-90.0
51823500,0.00,-17.95,0.0,?,-316.6,316.6,-90.0
51825000,0.00,-18.01,0.0,?,-315.6,315.6,-90.0
51826500,0.00,-18.00,0.0,?,-315.7,315.7,-90.0
51828000,0.00,-18.03,0.0,?,-315.1,315.1,-90.0
51829500,0.00,-18.03,0.0,?,-315.1,315.1,-90.0
51831000,0.00,-18.04,0.0,?,-314.9,314.9,-90.0
51832500,0.00,-18.05,0.0,?,-314.8,314.8,-90.0
51834000,0.00,-18.09,0.0,?,-314.1,314.1,-90.0
51835500,0.00,-18.10,0.0,?,-313.8,313.8,-90.0
51837000,0.00,-18.11,0.0,?,-313.7,313.7,-90.0
51838500,0.00,-18.10,0.0,?,-313.8,313.8,-90.0
51840000,0.00,-18.14,0.0,?,-313.3,313.3,-90.0
51841500,0.00,-18.13,0.0,?,-313.4,313.4,-90.0
51843000,0.00,-18.18,0.0,?,-312.5,312.5,-90.0
51844500,0.00,-18.17,0.0,?,-312.7,312.7,-90.0
51846000,0.00,-18.14,0.0,?,-313.2,313.2,-90.0
51847500,0.00,-18.22,0.0,?,-311.7,311.7,-90.0
51849000,0.00,-18.21,0.0,?,-312.0,312.0,-90.0
51850500,0.00,-18.21,0.0,?,-312.0,312.0,-90.0
51852000,0.00,-18.23,0.0,?,-311.6,311.6,-90.0
51853500,0.00,-18.26,0.0,?,-311.1,311.1,-90.0
51855000,0.00,-18.25,0.0,?,-311.4,311.4,-90.0
51856500,0.00,-18.33,0.0,?,-309.9,309.9,-90.0
51858000,0.00,-18.30,0.0,?,-310.4,310.4,-90.0
51859500,0.00,-18.33,0.0,?,-310.0,310.0,-90.0
51861000,0.00,-18.32,0.0,?,-310.2,310.2,-90.0
51862500,0.00,-18.37,0.0,?,-309.2,309.2,-90.0
51864000,0.00,-18.37,0.0,?,-309.3,309.3,-90.0
51865500,0.00,-18.37,0.0,?,-309.2,309.2,-90.0
51867000,0.00,-18.39,0.0,?,-308.9,308.9,-90.0
51868500,0.00,-18.39,0.0,?,-308.9,308.9,-90.0
51870000,0.00,-18.41,0.0,?,-308.6,308.6,-90.0
51871500,0.00,-18.46,0.0,?,-307.7,307.7,-90.0
51873000,0.00,-18.45,0.0,?,-307.8,307.8,-90.0
51874500,0.00,-18.48,0.0,?,-307.4,307.4,-90.0
51876000,0.00,-18.48,0.0,?,-307.4,307.4,-90.0
51877500,0.00,-18.51,0.0,?,-306.8,306.8,-90.0
51879000,0.00,-18.52,0.0,?,-306.7,306.7,-90.0
51880500,0.00,-18.52,0.0,?,-306.6,306.6,-90.0
51882000,0.00,-18.52,0.0,?,-306.7,306.7,-90.0
51883500,0.00,-18.55,0.0,?,-306.2,306.2,-90.0
51885000,0.00,-18.58,0.0,?,-305.7,305.7,-90.0
51886500,0.00,-18.61,0.0,?,-305.2,305.2,-90.0
51888000,0.00,-18.62,0.0,?,-305.0,305.0,-90.0
51889500,0.00,-18.61,0.0,?,-305.1,305.1,-90.0
51891000,0.00,-18.68,0.0,?,-304.0,304.0,-90.0
51892500,0.00,-18.63,0.0,?,-304.9,304.9,-90.0
51894000,0.00,-18.64,0.0,?,-304.7,304.7,-90.0
51895500,0.00,-18.67,0.0,?,-304.1,304.1,-90.0
51897000,0.00,-18.72,0.0,?,-303.4,303.4,-90.0
51898500,0.00,-18.68,0.0,?,-304.0,304.0,-90.0
51900000,0.00,-18.69,0.0,?,-303.8,303.8,-90.0
51901500,0.00,-18.75,0.0,?,-302.9,302.9,-90.0
51903000,0.00,-18.71,0.0,?,-303.6,303.6,-90.0
51904500,0.00,-18.74,0.0,?,-302.9,302.9,-90.0
51906000,0.00,-18.78,0.0,?,-302.4,302.4,-90.0
51907500,0.00,-18.81,0.0,?,-301.8,301.8,-90.0
51909000,0.00,-18.81,0.0,?,-301.9,301.9,-90.0
51910500,0.00,-18.80,0.0,?,-302.0,302.0,-90.0
51912000,0.00,-18.85,0.0,?,-301.2,301.2,-90.0
51913500,0.00,-18.84,0.0,?,-301.4,301.4,-90.0
51915000,0.00,-18.87,0.0,?,-300.9,300.9,-90.0
51916500,0.00,-18.88,0.0,?,-300.7,300.7,-90.0
51918000,0.00,-18.91,0.0,?,-300.3,300.3,-90.0
51919500,0.00,-18.88,0.0,?,-300.7,300.7,-90.0
51921000,0.00,-18.95,0.0,?,-299.5,299.5,-90.0
51922500,0.00,-18.98,0.0,?,-299.2,299.2,-90.0
51924000,0.00,-18.98,0.0,?,-299.1,299.1,-90.0
51925500,0.00,-18.97,0.0,?,-299.3,299.3,-90.0
51927000,0.00,-19.02,0.0,?,-298.4,298.4,-90.0
51928500,0.00,-19.00,0.0,?,-298.8,298.8,-90.0
51930000,0.00,-19.02,0.0,?,-298.5,298.5,-90.0
51931500,0.00,-18.99,0.0,?,-299.0,299.0,-90.0
51933000,0.00,-19.08,0.0,?,-297.5,297.5,-90.0
51934500,0.00,-19.12,0.0,?,-296.9,296.9,-90.0
51936000,0.00,-19.07,0.0,?,-297.7,297.7,-90.0
51937500,0.00,-19.12,0.0,?,-296.9,296.9,-90.0
51939000,0.00,-19.12,0.0,?,-296.9,296.9,-90.0
51940500,0.00,-19.15,0.0,?,-296.4,296.4,-90.0
51942000,0.00,-19.15,0.0,?,-296.4,296.4,-90.0
51943500,0.00,-19.15,0.0,?,-296.3,296.3,-90.0
51945000,0.00,-19.15,0.0,?,-296.5,296.5,-90.0
51946500,0.00,-19.19,0.0,?,-295.8,295.8,-90.0
51948000,0.00,-19.19,0.0,?,-295.7,295.7,-90.0
51949500,0.00,-19.20,0.0,?,-295.6,295.6,-90.0
51951000,0.00,-19.26,0.0,?,-294.7,294.7,-90.0
51952500,0.00,-19.25,0.0,?,-294.9,294.9,-90.0
51954000,0.00,-19.27,0.0,?,-294.6,294.6,-90.0
51955500,0.00,-19.24,0.0,?,-295.0,295.0,-90.0
51957000,0.00,-19.31,0.0,?,-294.0,294.0,-90.0
51958500,0.00,-19.31,0.0,?,-293.9,293.9,-90.0
51960000,0.00,-19.31,0.0,?,-293.9,293.9,-90.0
51961500,0.00,-19.32,0.0,?,-293.8,293.8,-90.0
51963000,0.00,-19.38,0.0,?,-292.8,292.8,-90.0
51964500,0.00,-19.36,0.0,?,-293.2,293.2,-90.0
51966000,0.00,-19.39,0.0,?,-292.7,292.7,-90.0
51967500,0.00,-19.44,0.0,?,-292.0,292.0,-90.0
51969000,0.00,-19.38,0.0,?,-292.8,292.8,-90.0
51970500,0.00,-19.41,0.0,?,-292.4,292.4,-90.0
51972000,0.00,-19.41,0.0,?,-292.3,292.3,-90.0
51973500,0.00,-19.48,0.0,?,-291.2,291.2,-90.0
51975000,0.00,-19.50,0.0,?,-291.0,291.0,-90.0
51976500,0.00,-19.54,0.0,?,-290.4,290.4,-90.0
51978000,0.00,-19.52,0.0,?,-290.7,290.7,-90.0
51979500,0.00,-19.51,0.0,?,-290.8,290.8,-90.0
51981000,0.00,-19.55,0.0,?,-290.3,290.3,-90.0
51982500,0.00,-19.57,0.0,?,-289.9,289.9,-90.0
51984000,0.00,-19.55,0.0,?,-290.2,290.2,-90.0
51985500,0.00,-19.59,0.0,?,-289.7,289.7,-90.0
51987000,0.00,-19.61,0.0,?,-289.3,289.3,-90.0
51988500,0.00,-19.61,0.0,?,-289.3,289.3,-90.0
51990000,0.00,-19.64,0.0,?,-288.9,288.9,-90.0
51991500,0.00,-19.65,0.0,?,-288.6,288.6,-90.0
51993000,0.00,-19.70,0.0,?,-288.0,288.0,-90.0
51994500,0.00,-19.68,0.0,?,-288.2,288.2,-90.0
51996000,0.00,-19.71,0.0,?,-287.9,287.9,-90.0
51997500,0.00,-19.72,0.0,?,-287.7,287.7,-90.0
51999000,0.00,-19.72,0.0,?,-287.6,287.6,-90.0
52000500,0.00,-19.73,0.0,?,-287.5,287.5,-90.0
52002000,0.00,-19.79,0.0,?,-286.7,286.7,-90.0
52003500,0.00,-19.79,0.0,?,-286.7,286.7,-90.0
52005000,0.00,-19.81,0.0,?,-286.3,286.3,-90.0
52006500,0.00,-19.80,0.0,?,-286.5,286.5,-90.0
52008000,0.00,-19.84,0.0,?,-285.9,285.9,-90.0
52009500,0.00,-19.87,0.0,?,-285.4,285.4,-90.0
52011000,0.00,-19.82,0.0,?,-286.2,286.2,-90.0
52012500,0.00,-19.88,0.0,?,-285.3,285.3,-90.0
52014000,0.00,-19.92,0.0,?,-284.7,284.7,-90.0
52015500,0.00,-19.90,0.0,?,-285.0,285.0,-90.0
52017000,0.00,-19.91,0.0,?,-284.9,284.9,-90.0
52018500,0.00,-19.97,0.0,?,-284.0,284.0,-90.0
52020000,0.00,-19.98,0.0,?,-283.8,283.8,-90.0
52021500,0.00,-19.96,0.0,?,-284.1,284.1,-90.0
52023000,0.00,-19.99,0.0,?,-283.8,283.8,-90.0
52024500,0.00,-20.01,0.0,?,-283.5,283.5,-90.0
52026000,0.00,-20.00,0.0,?,-283.5,283.5,-90.0
52027500,0.00,-20.04,0.0,?,-283.0,283.0,-90.0
52029000,0.00,-20.10,0.0,?,-282.2,282.2,-90.0
52030500,0.00,-20.11,0.0,?,-282.0,282.0,-90.0
52032000,0.00,-20.05,0.0,?,-282.8,282.8,-90.0
52033500,0.00,-20.10,0.0,?,-282.2,282.2,-90.0
52035000,0.00,-20.13,0.0,?,-281.7,281.7,-90.0
52036500,0.00,-20.16,0.0,?,-281.2,281.2,-90.0
52038000,0.00,-20.19,0.0,?,-280.8,280.8,-90.0
52039500,0.00,-20.18,0.0,?,-281.0,281.0,-90.0
52041000,0.00,-20.24,0.0,?,-280.1,280.1,-90.0
52042500,0.00,-20.22,0.0,?,-280.4,280.4,-90.0
52044000,0.00,-20.24,0.0,?,-280.2,280.2,-90.0
52045500,0.00,-20.21,0.0,?,-280.5,280.5,-90.0
52047000,0.00,-20.25,0.0,?,-280.0,280.0,-90.0
52048500,0.00,-20.29,0.0,?,-279.4,279.4,-90.0
52050000,0.00,-20.31,0.0,?,-279.2,279.2,-90.0
52051500,0.00,-20.30,0.0,?,-279.2,279.2,-90.0
52053000,0.00,-20.34,0.0,?,-278.7,278.7,-90.0
52054500,0.00,-20.33,0.0,?,-278.8,278.8,-90.0
52056000,0.00,-20.35,0.0,?,-278.6,278.6,-90.0
52057500,0.00,-20.41,0.0,?,-277.7,277.7,-90.0
52059000,0.00,-20.38,0.0,?,-278.2,278.2,-90.0
52060500,0.00,-20.42,0.0,?,-277.5,277.5,-90.0
52062000,0.00,-20.39,0.0,?,-278.0,278.0,-90.0
52063500,0.00,-20.41,0.0,?,-277.7,277.7,-90.0
52065000,0.00,-20.47,0.0,?,-276.9,276.9,-90.0
52066500,0.00,-20.42,0.0,?,-277.6,277.6,-90.0
52068000,0.00,-20.47,0.0,?,-276.9,276.9,-90.0
52069500,0.00,-20.47,0.0,?,-277.0,277.0,-90.0
52071000,0.00,-20.51,0.0,?,-276.3,276.3,-90.0
52072500,0.00,-20.52,0.0,?,-276.2,276.2,-90.0
52074000,0.00,-20.54,0.0,?,-275.9,275.9,-90.0
52075500,0.00,-20.56,0.0,?,-275.6,275.6,-90.0
52077000,0.00,-20.59,0.0,?,-275.3,275.3,-90.0
52078500,0.00,-20.62,0.0,?,-274.9,274.9,-90.0
52080000,0.00,-20.58,0.0,?,-275.4,275.4,-90.0
52081500,0.00,-20.65,0.0,?,-274.5,274.5,-90.0
52083000,0.00,-20.65,0.0,?,-274.5,274.5,-90.0
52084500,0.00,-20.63,0.0,?,-274.8,274.8,-90.0
52086000,0.00,-20.70,0.0,?,-273.8,273.8,-90.0
52087500,0.00,-20.71,0.0,?,-273.7,273.7,-90.0
52089000,0.00,-20.74,0.0,?,-273.3,273.3,-90.0
52090500,0.00,-20.74,0.0,?,-273.3,273.3,-90.0
52092000,0.00,-20.75,0.0,?,-273.1,273.1,-90.0
52093500,0.00,-20.78,0.0,?,-272.8,272.8,-90.0
52095000,0.00,-20.76,0.0,?,-273.0,273.0,-90.0
52096500,0.00,-20.81,0.0,?,-272.3,272.3,-90.0
52098000,0.00,-20.85,0.0,?,-271.8,271.8,-90.0
52099500,0.00,-20.85,0.0,?,-271.7,271.7,-90.0
52101000,0.00,-20.86,0.0,?,-271.7,271.7,-90.0
52102500,0.00,-20.87,0.0,?,-271.5,271.5,-90.0
52104000,0.00,-20.89,0.0,?,-271.3,271.3,-90.0
52105500,0.00,-20.88,0.0,?,-271.3,271.3,-90.0
52107000,0.00,-20.92,0.0,?,-270.8,270.8,-90.0
52108500,0.00,-20.94,0.0,?,-270.5,270.5,-90.0
52110000,0.00,-20.95,0.0,?,-270.4,270.4,-90.0
52111500,0.00,-20.98,0.0,?,-270.1,270.1,-90.0
52113000,0.00,-20.96,0.0,?,-270.2,270.2,-90.0
52114500,0.00,-21.03,0.0,?,-269.4,269.4,-90.0
52116000,0.00,-21.04,0.0,?,-269.3,269.3,-90.0
52117500,0.00,-21.04,0.0,?,-269.2,269.2,-90.0
52119000,0.00,-21.04,0.0,?,-269.3,269.3,-90.0
52120500,0.00,-21.07,0.0,?,-268.8,268.8,-90.0
52122000,0.00,-21.09,0.0,?,-268.6,268.6,-90.0
52123500,0.00,-21.13,0.0,?,-268.1,268.1,-90.0
52125000,0.00,-21.13,0.0,?,-268.1,268.1,-90.0
52126500,0.00,-21.17,0.0,?,-267.6,267.6,-90.0
52128000,0.00,-21.17,0.0,?,-267.6,267.6,-90.0
52129500,0.00,-21.17,0.0,?,-267.5,267.5,-90.0
52131000,0.00,-21.20,0.0,?,-267.1,267.1,-90.0
52132500,0.00,-21.21,0.0,?,-267.1,267.1,-90.0
52134000,0.00,-21.26,0.0,?,-266.4,266.4,-90.0
52135500,0.00,-21.29,0.0,?,-266.0,266.0,-90.0
52137000,0.00,-21.27,0.0,?,-266.3,266.3,-90.0
52138500,0.00,-21.28,0.0,?,-266.2,266.2,-90.0
52140000,0.00,-21.29,0.0,?,-266.0,266.0,-90.0
52141500,0.00,-21.27,0.0,?,-266.2,266.2,-90.0
52143000,0.00,-21.34,0.0,?,-265.4,265.4,-90.0
52144500,0.00,-21.34,0.0,?,-265.3,265.3,-90.0
52146000,0.00,-21.36,0.0,?,-265.1,265.1,-90.0
52147500,0.00,-21.40,0.0,?,-264.7,264.7,-90.0
52149000,0.00,-21.41,0.0,?,-264.5,264.5,-90.0
52150500,0.00,-21.42,0.0,?,-264.4,264.4,-90.0
52152000,0.00,-21.46,0.0,?,-263.9,263.9,-90.0
52153500,0.00,-21.45,0.0,?,-264.0,264.0,-90.0
52155000,0.00,-21.48,0.0,?,-263.6,263.6,-90.0
52156500,0.00,-21.49,0.0,?,-263.5,263.5,-90.0
52158000,0.00,-21.48,0.0,?,-263.7,263.7,-90.0
52159500,0.00,-21.51,0.0,?,-263.2,263.2,-90.0
52161000,0.00,-21.54,0.0,?,-262.9,262.9,-90.0
52162500,0.00,-21.60,0.0,?,-262.2,262.2,-90.0
52164000,0.00,-21.57,0.0,?,-262.5,262.5,-90.0
52165500,0.00,-21.59,0.0,?,-262.2,262.2,-90.0
52167000,0.00,-21.58,0.0,?,-262.4,262.4,-90.0
52168500,0.00,-21.61,0.0,?,-262.0,262.0,-90.0
52170000,0.00,-21.65,0.0,?,-261.5,261.5,-90.0
52171500,0.00,-21.61,0.0,?,-262.0,262.0,-90.0
52173000,0.00,-21.65,0.0,?,-261.5,261.5,-90.0
52174500,0.00,-21.68,0.0,?,-261.1,261.1,-90.0
52176000,0.00,-21.69,0.0,?,-261.0,261.0,-90.0
52177500,0.00,-21.73,0.0,?,-260.5,260.5,-90.0
52179000,0.00,-21.74,0.0,?,-260.4,260.4,-90.0
52180500,0.00,-21.74,0.0,?,-260.4,260.4,-90.0
52182000,0.00,-21.80,0.0,?,-259.6,259.6,-90.0
52183500,0.00,-21.80,0.0,?,-259.7,259.7,-90.0
52185000,0.00,-21.85,0.0,?,-259.0,259.0,-90.0
52186500,0.00,-21.83,0.0,?,-259.3,259.3,-90.0
52188000,0.00,-21.85,0.0,?,-259.0,259.0,-90.0
52189500,0.00,-21.87,0.0,?,-258.8,258.8,-90.0
52191000,0.00,-21.90,0.0,?,-258.4,258.4,-90.0
52192500,0.00,-21.91,0.0,?,-258.3,258.3,-90.0
52194000,0.00,-21.93,0.0,?,-258.1,258.1,-90.0
52195500,0.00,-21.94,0.0,?,-257.9,257.9,-90.0
52197000,0.00,-21.98,0.0,?,-257.4,257.4,-90.0
52198500,0.00,-21.97,0.0,?,-257.6,257.6,-90.0
52200000,0.00,-22.04,0.0,?,-256.8,256.8,-90.0
52201500,0.00,-22.02,0.0,?,-257.0,257.0,-90.0
52203000,0.00,-22.03,0.0,?,-256.9,256.9,-90.0
52204500,0.00,-22.04,0.0,?,-256.7,256.7,-90.0
52206000,0.00,-22.08,0.0,?,-256.2,256.2,-90.0
52207500,0.00,-22.10,0.0,?,-256.1,256.1,-90.0
52209000,0.00,-22.11,0.0,?,-255.9,255.9,-90.0
52210500,0.00,-22.09,0.0,?,-256.1,256.1,-90.0
52212000,0.00,-22.13,0.0,?,-255.7,255.7,-90.0
52213500,0.00,-22.16,0.0,?,-255.4,255.4,-90.0
52215000,0.00,-22.16,0.0,?,-255.3,255.3,-90.0
52216500,0.00,-22.16,0.0,?,-255.4,255.4,-90.0
52218000,0.00,-22.20,0.0,?,-254.9,254.9,-90.0
52219500,0.00,-22.23,0.0,?,-254.5,254.5,-90.0
52221000,0.00,-22.23,0.0,?,-254.5,254.5,-90.0
52222500,0.00,-22.25,0.0,?,-254.3,254.3,-90.0
52224000,0.00,-22.22,0.0,?,-254.6,254.6,-90.0
52225500,0.00,-22.29,0.0,?,-253.8,253.8,-90.0
52227000,0.00,-22.28,0.0,?,-253.9,253.9,-90.0
52228500,0.00,-22.30,0.0,?,-253.7,253.7,-90.0
52230000,0.00,-22.36,0.0,?,-252.9,252.9,-90.0
52231500,0.00,-22.38,0.0,?,-252.8,252.8,-90.0
52233000,0.00,-22.38,0.0,?,-252.7,252.7,-90.0
52234500,0.00,-22.42,0.0,?,-252.3,252.3,-90.0
52236000,0.00,-22.41,0.0,?,-252.4,252.4,-90.0
52237500,0.00,-22.44,0.0,?,-252.0,252.0,-90.0
52239000,0.00,-22.47,0.0,?,-251.8,251.8,-90.0
52240500,0.00,-22.47,0.0,?,-251.7,251.7,-90.0
52242000,0.00,-22.49,0.0,?,-251.5,251.5,-90.0
52243500,0.00,-22.53,0.0,?,-251.0,251.0,-90.0
52245000,0.00,-22.54,0.0,?,-251.0,251.0,-90.0
52246500,0.00,-22.57,0.0,?,-250.6,250.6,-90.0
52248000,0.00,-22.55,0.0,?,-250.8,250.8,-90.0
52249500,0.00,-22.58,0.0,?,-250.5,250.5,-90.0
52251000,0.00,-22.61,0.0,?,-250.1,250.1,-90.0
52252500,0.00,-22.63,0.0,?,-249.9,249.9,-90.0
52254000,0.00,-22.65,0.0,?,-249.6,249.6,-90.0
52255500,0.00,-22.64,0.0,?,-249.7,249.7,-90.0
52257000,0.00,-22.69,0.0,?,-249.2,249.2,-90.0
52258500,0.00,-22.69,0.0,?,-249.2,249.2,-90.0
52260000,0.00,-22.69,0.0,?,-249.2,249.2,-90.0
52261500,0.00,-22.71,0.0,?,-249.0,249.0,-90.0
52263000,0.00,-22.76,0.0,?,-248.4,248.4,-90.0
52264500,0.00,-22.75,0.0,?,-248.5,248.5,-90.0
52266000,0.00,-22.80,0.0,?,-248.0,248.0,-90.0
52267500,0.00,-22.82,0.0,?,-247.8,247.8,-90.0
52269000,0.00,-22.80,0.0,?,-248.0,248.0,-90.0
52270500,0.00,-22.80,0.0,?,-247.9,247.9,-90.0
52272000,0.00,-22.85,0.0,?,-247.4,247.4,-90.0
52273500,0.00,-22.90,0.0,?,-246.9,246.9,-90.0
52275000,0.00,-22.88,0.0,?,-247.1,247.1,-90.0
52276500,0.00,-22.87,0.0,?,-247.1,247.1,-90.0
52278000,0.00,-22.93,0.0,?,-246.6,246.6,-90.0
52279500,0.00,-22.95,0.0,?,-246.4,246.4,-90.0
52281000,0.00,-22.92,0.0,?,-246.6,246.6,-90.0
52282500,0.00,-22.96,0.0,?,-246.2,246.2,-90.0
52284000,0.00,-23.02,0.0,?,-245.6,245.6,-90.0
52285500,0.00,-23.00,0.0,?,-245.8,245.8,-90.0
52287000,0.00,-23.06,0.0,?,-245.1,245.1,-90.0
52288500,0.00,-23.06,0.0,?,-245.1,245.1,-90.0
52290000,0.00,-23.06,0.0,?,-245.0,245.0,-90.0
52291500,0.00,-23.12,0.0,?,-244.4,244.4,-90.0
52293000,0.00,-23.13,0.0,?,-244.4,244.4,-90.0
52294500,0.00,-23.15,0.0,?,-244.1,244.1,-90.0
52296000,0.00,-23.15,0.0,?,-244.2,244.2,-90.0
52297500,0.00,-23.15,0.0,?,-244.1,244.1,-90.0
52299000,0.00,-23.17,0.0,?,-243.9,243.9,-90.0
52300500,0.00,-23.19,0.0,?,-243.7,243.7,-90.0
52302000,0.00,-23.27,0.0,?,-242.9,242.9,-90.0
52303500,0.00,-23.29,0.0,?,-242.6,242.6,-90.0
52305000,0.00,-23.23,0.0,?,-243.3,243.3,-90.0
52306500,0.00,-23.30,0.0,?,-242.5,242.5,-90.0
52308000,0.00,-23.30,0.0,?,-242.5,242.5,-90.0
52309500,0.00,-23.33,0.0,?,-242.2,242.2,-90.0
52311000,0.00,-23.33,0.0,?,-242.2,242.2,-90.0
52312500,0.00,-23.35,0.0,?,-241.9,241.9,-90.0
52314000,0.00,-23.37,0.0,?,-241.8,241.8,-90.0
52315500,0.00,-23.38,0.0,?,-241.7,241.7,-90.0
52317000,0.00,-23.39,0.0,?,-241.6,241.6,-90.0
52318500,0.00,-23.43,0.0,?,-241.1,241.1,-90.0
52320000,0.00,-23.46,0.0,?,-240.8,240.8,-90.0
52321500,0.00,-23.48,0.0,?,-240.6,240.6,-90.0
52323000,0.00,-23.48,0.0,?,-240.5,240.5,-90.0
52324500,0.00,-23.50,0.0,?,-240.4,240.4,-90.0
52326000,0.00,-23.55,0.0,?,-239.8,239.8,-90.0
52327500,0.00,-23.55,0.0,?,-239.9,239.9,-90.0
52329000,0.00,-23.57,0.0,?,-239.6,239.6,-90.0
52330500,0.00,-23.58,0.0,?,-239.5,239.5,-90.0
52332000,0.00,-23.60,0.0,?,-239.3,239.3,-90.0
52333500,0.00,-23.62,0.0,?,-239.1,239.1,-90.0
52335000,0.00,-23.67,0.0,?,-238.6,238.6,-90.0
52336500,0.00,-23.65,0.0,?,-238.8,238.8,-90.0
52338000,0.00,-23.67,0.0,?,-238.7,238.7,-90.0
52339500,0.00,-23.68,0.0,?,-238.5,238.5,-90.0
52341000,0.00,-23.71,0.0,?,-238.2,238.2,-90.0
52342500,0.00,-23.72,0.0,?,-238.1,238.1,-90.0
52344000,0.00,-23.75,0.0,?,-237.8,237.8,-90.0
52345500,0.00,-23.73,0.0,?,-238.0,238.0,-90.0
52347000,0.00,-23.77,0.0,?,-237.6,237.6,-90.0
52348500,0.00,-23.82,0.0,?,-237.0,237.0,-90.0
52350000,0.00,-23.87,0.0,?,-236.6,236.6,-90.0
52351500,0.00,-23.86,0.0,?,-236.7,236.7,-90.0
52353000,0.00,-23.89,0.0,?,-236.3,236.3,-90.0
52354500,0.00,-23.91,0.0,?,-236.1,236.1,-90.0
52356000,0.00,-23.90,0.0,?,-236.3,236.3,-90.0
52357500,0.00,-23.91,0.0,?,-236.2,236.2,-90.0
52359000,0.00,-23.94,0.0,?,-235.8,235.8,-90.0
52360500,0.00,-23.92,0.0,?,-236.0,236.0,-90.0
52362000,0.00,-24.01,0.0,?,-235.2,235.2,-90.0
52363500,0.00,-24.00,0.0,?,-235.2,235.2,-90.0
52365000,0.00,-24.01,0.0,?,-235.1,235.1,-90.0
52366500,0.00,-24.04,0.0,?,-234.9,234.9,-90.0
52368000,0.00,-24.03,0.0,?,-234.9,234.9,-90.0
52369500,0.00,-24.11,0.0,?,-234.1,234.1,-90.0
52371000,0.00,-24.09,0.0,?,-234.4,234.4,-90.0
52372500,0.00,-24.10,0.0,?,-234.3,234.3,-90.0
52374000,0.00,-24.13,0.0,?,-233.9,233.9,-90.0
52375500,0.00,-24.21,0.0,?,-233.1,233.1,-90.0
52377000,0.00,-24.13,0.0,?,-234.0,234.0,-90.0
52378500,0.00,-24.20,0.0,?,-233.3,233.3,-90.0
52380000,0.00,-24.18,0.0,?,-233.4,233.4,-90.0
52381500,0.00,-24.20,0.0,?,-233.3,233.3,-90.0
52383000,0.00,-24.25,0.0,?,-232.7,232.7,-90.0
52384500,0.00,-24.30,0.0,?,-232.3,232.3,-90.0
52386000,0.00,-24.29,0.0,?,-232.3,232.3,-90.0
52387500,0.00,-24.31,0.0,?,-232.2,232.2,-90.0
52389000,0.00,-24.34,0.0,?,-231.8,231.8,-90.0
52390500,0.00,-24.35,0.0,?,-231.8,231.8,-90.0
52392000,0.00,-24.35,0.0,?,-231.7,231.7,-90.0
52393500,0.00,-24.39,0.0,?,-231.3,231.3,-90.0
52395000,0.00,-24.39,0.0,?,-231.4,231.4,-90.0
52396500,0.00,-24.42,0.0,?,-231.1,231.1,-90.0
52398000,0.00,-24.47,0.0,?,-230.5,230.5,-90.0
52399500,0.00,-24.47,0.0,?,-230.6,230.6,-90.0
52401000,0.00,-24.45,0.0,?,-230.7,230.7,-90.0
52402500,0.00,-24.52,0.0,?,-230.0,230.0,-90.0
52404000,0.00,-24.55,0.0,?,-229.8,229.8,-90.0
52405500,0.00,-24.55,0.0,?,-229.8,229.8,-90.0
52407000,0.00,-24.58,0.0,?,-229.6,229.6,-90.0
52408500,0.00,-24.57,0.0,?,-229.6,229.6,-90.0
52410000,0.00,-24.59,0.0,?,-229.4,229.4,-90.0
52411500,0.00,-24.59,0.0,?,-229.4,229.4,-90.0
52413000,0.00,-24.67,0.0,?,-228.7,228.7,-90.0
52414500,0.00,-24.66,0.0,?,-228.8,228.8,-90.0
52416000,0.00,-24.73,0.0,?,-228.1,228.1,-90.0
52417500,0.00,-24.66,0.0,?,-228.7,228.7,-90.0
52419000,0.00,-24.78,0.0,?,-227.6,227.6,-90.0
52420500,0.00,-24.76,0.0,?,-227.8,227.8,-90.0
52422000,0.00,-24.77,0.0,?,-227.7,227.7,-90.0
52423500,0.00,-24.82,0.0,?,-227.2,227.2,-90.0
52425000,0.00,-24.78,0.0,?,-227.6,227.6,-90.0
52426500,0.00,-24.85,0.0,?,-227.0,227.0,-90.0
52428000,0.00,-24.89,0.0,?,-226.6,226.6,-90.0
52429500,0.00,-24.89,0.0,?,-226.6,226.6,-90.0
52431000,0.00,-24.91,0.0,?,-226.3,226.3,-90.0
52432500,0.00,-24.92,0.0,?,-226.3,226.3,-90.0
52434000,0.00,-24.94,0.0,?,-226.1,226.1,-90.0
52435500,0.00,-24.98,0.0,?,-225.7,225.7,-90.0
52437000,0.00,-24.98,0.0,?,-225.7,225.7,-90.0
52438500,0.00,-25.00,0.0,?,-225.5,225.5,-90.0
52440000,0.00,-25.01,0.0,?,-225.4,225.4,-90.0
52441500,0.00,-25.07,0.0,?,-224.9,224.9,-90.0
52443000,0.00,-25.04,0.0,?,-225.1,225.1,-90.0
52444500,0.00,-25.05,0.0,?,-225.0,225.0,-90.0
52446000,0.00,-25.05,0.0,?,-225.1,225.1,-90.0
52447500,0.00,-25.12,0.0,?,-224.4,224.4,-90.0
52449000,0.00,-25.09,0.0,?,-224.7,224.7,-90.0
52450500,0.00,-25.15,0.0,?,-224.1,224.1,-90.0
52452000,0.00,-25.16,0.0,?,-224.0,224.0,-90.0
52453500,0.00,-25.21,0.0,?,-223.6,223.6,-90.0
52455000,0.00,-25.22,0.0,?,-223.5,223.5,-90.0
52456500,0.00,-25.24,0.0,?,-223.3,223.3,-90.0
52458000,0.00,-25.25,0.0,?,-223.3,223.3,-90.0
52459500,0.00,-25.27,0.0,?,-223.1,223.1,-90.0
52461000,0.00,-25.33,0.0,?,-222.5,222.5,-90.0
52462500,0.00,-25.37,0.0,?,-222.1,222.1,-90.0
52464000,0.00,-25.31,0.0,?,-222.7,222.7,-90.0
52465500,0.00,-25.36,0.0,?,-222.2,222.2,-90.0
52467000,0.00,-25.37,0.0,?,-222.1,222.1,-90.0
52468500,0.00,-25.42,0.0,?,-221.7,221.7,-90.0
52470000,0.00,-25.42,0.0,?,-221.7,221.7,-90.0
52471500,0.00,-25.45,0.0,?,-221.4,221.4,-90.0
52473000,0.00,-25.48,0.0,?,-221.1,221.1,-90.0
52474500,0.00,-25.48,0.0,?,-221.2,221.2,-90.0
52476000,0.00,-25.50,0.0,?,-221.0,221.0,-90.0
52477500,0.00,-25.52,0.0,?,-220.8,220.8,-90.0
52479000,0.00,-25.57,0.0,?,-220.3,220.3,-90.0
52480500,0.00,-25.60,0.0,?,-220.1,220.1,-90.0
52482000,0.00,-25.56,0.0,?,-220.4,220.4,-90.0
52483500,0.00,-25.60,0.0,?,-220.0,220.0,-90.0
52485000,0.00,-25.67,0.0,?,-219.5,219.5,-90.0
52486500,0.00,-25.64,0.0,?,-219.7,219.7,-90.0
52488000,0.00,-25.71,0.0,?,-219.1,219.1,-90.0
52489500,0.00,-25.71,0.0,?,-219.1,219.1,-90.0
52491000,0.00,-25.74,0.0,?,-218.8,218.8,-90.0
52492500,0.00,-25.73,0.0,?,-218.9,218.9,-90.0
52494000,0.00,-25.75,0.0,?,-218.7,218.7,-90.0
52495500,0.00,-25.74,0.0,?,-218.8,218.8,-90.0
52497000,0.00,-25.82,0.0,?,-218.1,218.1,-90.0
52498500,0.00,-25.78,0.0,?,-218.5,218.5,-90.0
52500000,0.00,-25.81,0.0,?,-218.2,218.2,-90.0
52501500,0.00,-25.88,0.0,?,-217.6,217.6,-90.0
52503000,0.00,-25.86,0.0,?,-217.7,217.7,-90.0
52504500,0.00,-25.92,0.0,?,-217.3,217.3,-90.0
52506000,0.00,-25.92,0.0,?,-217.3,217.3,-90.0
52507500,0.00,-25.93,0.0,?,-217.2,217.2,-90.0
52509000,0.00,-25.94,0.0,?,-217.1,217.1,-90.0
52510500,0.00,-25.99,0.0,?,-216.7,216.7,-90.0
52512000,0.00,-26.00,0.0,?,-216.6,216.6,-90.0
52513500,0.00,-26.06,0.0,?,-216.1,216.1,-90.0
52515000,0.00,-26.03,0.0,?,-216.3,216.3,-90.0
52516500,0.00,-26.04,0.0,?,-216.2,216.2,-90.0
52518000,0.00,-26.08,0.0,?,-215.9,215.9,-90.0
52519500,0.00,-26.13,0.0,?,-215.4,215.4,-90.0
52521000,0.00,-26.11,0.0,?,-215.7,215.7,-90.0
52522500,0.00,-26.16,0.0,?,-215.2,215.2,-90.0
52524000,0.00,-26.18,0.0,?,-215.1,215.1,-90.0
52525500,0.00,-26.20,0.0,?,-214.8,214.8,-90.0
52527000,0.00,-26.21,0.0,?,-214.8,214.8,-90.0
52528500,0.00,-26.23,0.0,?,-214.6,214.6,-90.0
52530000,0.00,-26.28,0.0,?,-214.2,214.2,-90.0
52531500,0.00,-26.31,0.0,?,-213.9,213.9,-90.0
52533000,0.00,-26.28,0.0,?,-214.2,214.2,-90.0
52534500,0.00,-26.34,0.0,?,-213.7,213.7,-90.0
52536000,0.00,-26.40,0.0,?,-213.2,213.2,-90.0
52537500,0.00,-26.36,0.0,?,-213.5,213.5,-90.0
52539000,0.00,-26.41,0.0,?,-213.1,213.1,-90.0
52540500,0.00,-26.41,0.0,?,-213.1,213.1,-90.0
52542000,0.00,-26.44,0.0,?,-212.8,212.8,-90.0
52543500,0.00,-26.47,0.0,?,-212.6,212.6,-90.0
52545000,0.00,-26.50,0.0,?,-212.3,212.3,-90.0
52546500,0.00,-26.50,0.0,?,-212.3,212.3,-90.0
52548000,0.00,-26.54,0.0,?,-212.0,212.0,-90.0
52549500,0.00,-26.50,0.0,?,-212.4,212.4,-90.0
52551000,0.00,-26.56,0.0,?,-211.8,211.8,-90.0
52552500,0.00,-26.58,0.0,?,-211.7,211.7,-90.0
52554000,0.00,-26.63,0.0,?,-211.3,211.3,-90.0
52555500,0.00,-26.60,0.0,?,-211.5,211.5,-90.0
52557000,0.00,-26.68,0.0,?,-210.9,210.9,-90.0
52558500,0.00,-26.67,0.0,?,-210.9,210.9,-90.0
52560000,0.00,-26.72,0.0,?,-210.5,210.5,-90.0
52561500,0.00,-26.73,0.0,?,-210.4,210.4,-90.0
52563000,0.00,-26.73,0.0,?,-210.4,210.4,-90.0
52564500,0.00,-26.78,0.0,?,-210.1,210.1,-90.0
52566000,0.00,-26.83,0.0,?,-209.7,209.7,-90.0
52567500,0.00,-26.79,0.0,?,-209.9,209.9,-90.0
52569000,0.00,-26.87,0.0,?,-209.3,209.3,-90.0
52570500,0.00,-26.84,0.0,?,-209.5,209.5,-90.0
52572000,0.00,-26.83,0.0,?,-209.6,209.6,-90.0
52573500,0.00,-26.90,0.0,?,-209.1,209.1,-90.0
52575000,0.00,-26.91,0.0,?,-209.0,209.0,-90.0
52576500,0.00,-26.94,0.0,?,-208.8,208.8,-90.0
52578000,0.00,-26.94,0.0,?,-208.8,208.8,-90.0
52579500,0.00,-26.97,0.0,?,-208.5,208.5,-90.0
52581000,0.00,-27.03,0.0,?,-208.0,208.0,-90.0
52582500,0.00,-27.05,0.0,?,-207.9,207.9,-90.0
52584000,0.00,-27.02,0.0,?,-208.1,208.1,-90.0
52585500,0.00,-27.09,0.0,?,-207.5,207.5,-90.0
52587000,0.00,-27.09,0.0,?,-207.5,207.5,-90.0
52588500,0.00,-27.16,0.0,?,-207.0,207.0,-90.0
52590000,0.00,-27.15,0.0,?,-207.0,207.0,-90.0
52591500,0.00,-27.18,0.0,?,-206.8,206.8,-90.0
52593000,0.00,-27.18,0.0,?,-206.9,206.9,-90.0
52594500,0.00,-27.24,0.0,?,-206.4,206.4,-90.0
52596000,0.00,-27.15,0.0,?,-207.0,207.0,-90.0
52597500,0.00,-27.25,0.0,?,-206.3,206.3,-90.0
52599000,0.00,-27.31,0.0,?,-205.8,205.8,-90.0
52600500,0.00,-27.27,0.0,?,-206.2,206.2,-90.0
52602000,0.00,-27.35,0.0,?,-205.5,205.5,-90.0
52603500,0.00,-27.37,0.0,?,-205.3,205.3,-90.0
52605000,0.00,-27.34,0.0,?,-205.5,205.5,-90.0
52606500,0.00,-27.37,0.0,?,-205.3,205.3,-90.0
52608000,0.00,-27.44,0.0,?,-204.8,204.8,-90.0
52609500,0.00,-27.43,0.0,?,-204.9,204.9,-90.0
52611000,0.00,-27.44,0.0,?,-204.8,204.8,-90.0
52612500,0.00,-27.47,0.0,?,-204.6,204.6,-90.0
52614000,0.00,-27.54,0.0,?,-204.1,204.1,-90.0
52615500,0.00,-27.53,0.0,?,-204.1,204.1,-90.0
52617000,0.00,-27.55,0.0,?,-203.9,203.9,-90.0
52618500,0.00,-27.52,0.0,?,-204.1,204.1,-90.0
52620000,0.00,-27.59,0.0,?,-203.7,203.7,-90.0
52621500,0.00,-27.58,0.0,?,-203.7,203.7,-90.0
52623000,0.00,-27.63,0.0,?,-203.3,203.3,-90.0
52624500,0.00,-27.61,0.0,?,-203.5,203.5,-90.0
52626000,0.00,-27.65,0.0,?,-203.2,203.2,-90.0
52627500,0.00,-27.69,0.0,?,-202.9,202.9,-90.0
52629000,0.00,-27.72,0.0,?,-202.6,202.6,-90.0
52630500,0.00,-27.75,0.0,?,-202.4,202.4,-90.0
52632000,0.00,-27.80,0.0,?,-202.0,202.0,-90.0
52633500,0.00,-27.80,0.0,?,-202.1,202.1,-90.0
52635000,0.00,-27.84,0.0,?,-201.7,201.7,-90.0
52636500,0.00,-27.82,0.0,?,-201.9,201.9,-90.0
52638000,0.00,-27.89,0.0,?,-201.4,201.4,-90.0
52639500,0.00,-27.86,0.0,?,-201.6,201.6,-90.0
52641000,0.00,-27.90,0.0,?,-201.3,201.3,-90.0
52642500,0.00,-27.97,0.0,?,-200.8,200.8,-90.0
52644000,0.00,-27.98,0.0,?,-200.7,200.7,-90.0
52645500,0.00,-28.02,0.0,?,-200.4,200.4,-90.0
52647000,0.00,-28.00,0.0,?,-200.5,200.5,-90.0
52648500,0.00,-28.03,0.0,?,-200.4,200.4,-90.0
52650000,0.00,-28.04,0.0,?,-200.2,200.2,-90.0
52651500,0.00,-28.04,0.0,?,-200.3,200.3,-90.0
52653000,0.00,-28.13,0.0,?,-199.6,199.6,-90.0
52654500,0.00,-28.12,0.0,?,-199.7,199.7,-90.0
52656000,0.00,-28.13,0.0,?,-199.6,199.6,-90.0
52657500,0.00,-28.18,0.0,?,-199.2,199.2,-90.0
52659000,0.00,-28.17,0.0,?,-199.3,199.3,-90.0
52660500,0.00,-28.24,0.0,?,-198.7,198.7,-90.0
52662000,0.00,-28.26,0.0,?,-198.6,198.6,-90.0
52663500,0.00,-28.27,0.0,?,-198.5,198.5,-90.0
52665000,0.00,-28.25,0.0,?,-198.7,198.7,-90.0
52666500,0.00,-28.27,0.0,?,-198.5,198.5,-90.0
52668000,0.00,-28.29,0.0,?,-198.4,198.4,-90.0
52669500,0.00,-28.37,0.0,?,-197.8,197.8,-90.0
52671000,0.00,-28.38,0.0,?,-197.8,197.8,-90.0
52672500,0.00,-28.41,0.0,?,-197.6,197.6,-90.0
52674000,-0.01,-28.41,0.6,491.63,-197.6,197.6,-89.8
52675500,0.00,-28.40,0.0,?,-197.6,197.6,-90.0
52677000,-0.00,-28.46,0.0,385.08,-197.2,197.2,-90.0
52678500,0.00,-28.49,0.0,?,-197.0,197.0,-90.0
52680000,-0.00,-28.49,0.1,251.49,-197.0,197.0,-90.0
52681500,0.00,-28.49,0.0,?,-196.9,196.9,-90.0
52683000,-0.01,-28.54,0.2,447.89,-196.6,196.6,-89.9
52684500,0.00,-28.57,0.0,?,-196.4,196.4,-90.0
52686000,-0.01,-28.62,0.5,585.67,-196.0,196.0,-89.8
52687500,0.00,-28.61,0.0,?,-196.1,196.1,-90.0
52689000,0.00,-28.64,0.0,?,-195.8,195.8,-90.0
52690500,0.00,-28.62,0.0,?,-196.0,196.0,-90.0
52692000,-0.01,-28.74,0.3,223.82,-195.2,195.2,-89.9
52693500,-0.00,-28.69,0.2,646.44,-195.5,195.5,-89.9
52695000,-0.01,-28.72,0.2,436.06,-195.3,195.3,-89.9
52696500,-0.01,-28.72,0.3,091.69,-195.3,195.3,-89.9
52698000,-0.01,-28.77,0.6,384.26,-194.9,194.9,-89.8
52699500,-0.01,-28.82,0.4,841.57,-194.6,194.6,-89.9
52701000,-0.00,-28.81,0.1,850.38,-194.6,194.6,-90.0
52702500,-0.00,-28.84,0.2,231.47,-194.5,194.5,-89.9
52704000,0.00,-28.91,0.0,?,-193.9,193.9,-90.0
52705500,-0.01,-28.90,0.3,041.09,-194.1,194.1,-89.9
52707000,-0.00,-28.94,0.1,967.11,-193.7,193.7,-90.0
52708500,-0.01,-28.99,0.6,355.17,-193.4,193.4,-89.8
52710000,-0.00,-28.99,0.1,407.10,-193.4,193.4,-90.0
52711500,-0.01,-29.03,0.6,385.58,-193.1,193.1,-89.8
52713000,-0.01,-29.05,0.4,070.18,-193.0,193.0,-89.9
52714500,-0.01,-29.07,0.3,091.75,-192.8,192.8,-89.9
52716000,0.00,-29.09,0.0,?,-192.7,192.7,-90.0
52717500,-0.01,-29.11,0.4,790.29,-192.5,192.5,-89.9
52719000,-0.00,-29.13,0.1,558.75,-192.4,192.4,-90.0
52720500,-0.02,-29.16,0.8,002.12,-192.2,192.2,-89.8
52722000,-0.00,-29.16,0.1,108.55,-192.2,192.2,-90.0
52723500,-0.01,-29.18,0.6,410.41,-192.1,192.1,-89.8
52725000,-0.00,-29.20,0.0,644.17,-192.0,192.0,-90.0
52726500,-0.02,-29.27,0.7,055.97,-191.4,191.4,-89.8
52728000,-0.02,-29.26,0.7,140.45,-191.5,191.5,-89.8
52729500,-0.02,-29.34,0.9,835.50,-191.0,191.0,-89.7
52731000,-0.02,-29.30,0.9,849.87,-191.2,191.2,-89.7
52732500,-0.02,-29.38,0.9,857.71,-190.7,190.7,-89.7
52734000,-0.02,-29.36,0.8,031.38,-190.9,190.9,-89.8
52735500,-0.02,-29.40,0.9,849.04,-190.6,190.6,-89.7
52737000,-0.02,-29.41,0.7,158.12,-190.5,190.5,-89.8
52738500,-0.01,-29.40,0.5,681.92,-190.6,190.6,-89.9
52740000,-0.03,-29.42,1.2,669.33,-190.4,190.4,-89.7
52741500,-0.02,-29.49,0.8,027.93,-190.0,190.0,-89.8
52743000,-0.02,-29.48,0.9,857.96,-190.0,190.0,-89.7
52744500,-0.02,-29.53,0.8,938.98,-189.7,189.7,-89.8
52746000,-0.03,-29.54,1.3,597.98,-189.6,189.6,-89.6
52747500,-0.02,-29.61,0.8,976.14,-189.2,189.2,-89.8
52749000,-0.04,-29.61,1.6,466.61,-189.2,189.2,-89.5
52750500,-0.02,-29.60,0.8,002.73,-189.3,189.3,-89.8
52752000,-0.03,-29.62,1.2,649.53,-189.1,189.1,-89.6
52753500,-0.02,-29.70,0.9,878.36,-188.6,188.6,-89.7
52755000,-0.04,-29.73,1.7,458.68,-188.4,188.4,-89.5
52756500,-0.02,-29.73,0.8,919.85,-188.4,188.4,-89.7
52758000,-0.03,-29.81,1.5,510.12,-187.9,187.9,-89.5
52759500,-0.02,-29.75,0.7,048.73,-188.2,188.2,-89.8
52761000,-0.04,-29.82,1.6,475.09,-187.8,187.8,-89.5
52762500,-0.03,-29.77,1.1,685.36,-188.1,188.1,-89.7
52764000,-0.04,-29.89,1.5,488.31,-187.3,187.3,-89.5
52765500,-0.03,-29.89,1.1,683.45,-187.3,187.3,-89.7
52767000,-0.03,-29.97,1.4,516.95,-186.8,186.8,-89.6
52768500,-0.03,-29.93,1.1,655.29,-187.1,187.1,-89.6
52770000,-0.03,-29.98,1.3,582.33,-186.7,186.7,-89.6
52771500,-0.04,-29.96,1.5,495.36,-186.8,186.8,-89.5
52773000,-0.02,-30.02,1.1,703.42,-186.5,186.5,-89.7
52774500,-0.03,-30.01,1.3,565.21,-186.5,186.6,-89.6
52776000,-0.03,-30.08,1.1,675.46,-186.1,186.1,-89.7
52777500,-0.03,-30.12,1.5,503.55,-185.8,185.8,-89.5
52779000,-0.03,-30.13,1.3,583.83,-185.7,185.7,-89.6
52780500,-0.04,-30.12,1.8,400.82,-185.8,185.8,-89.4
52782000,-0.03,-30.18,1.3,586.55,-185.4,185.4,-89.6
52783500,-0.04,-30.22,1.7,422.28,-185.2,185.2,-89.5
52785000,-0.03,-30.22,1.2,633.43,-185.2,185.2,-89.6
52786500,-0.05,-30.21,2.0,368.14,-185.2,185.2,-89.4
52788000,-0.03,-30.24,1.4,507.99,-185.1,185.1,-89.6
52789500,-0.04,-30.31,1.9,388.92,-184.6,184.6,-89.4
52791000,-0.04,-30.33,1.5,485.33,-184.5,184.5,-89.5
52792500,-0.05,-30.34,2.0,367.97,-184.4,184.4,-89.4
52794000,-0.03,-30.33,1.3,545.59,-184.5,184.5,-89.6
52795500,-0.05,-30.44,2.1,349.59,-183.8,183.8,-89.4
52797000,-0.04,-30.40,1.7,425.80,-184.0,184.0,-89.5
52798500,-0.05,-30.44,2.0,357.53,-183.7,183.8,-89.4
52800000,-0.04,-30.45,1.8,408.13,-183.7,183.7,-89.4
52801500,-0.05,-30.52,2.0,357.79,-183.3,183.3,-89.4
52803000,-0.05,-30.50,2.0,363.28,-183.4,183.4,-89.4
52804500,-0.05,-30.54,2.1,344.68,-183.1,183.1,-89.3
52806000,-0.05,-30.58,1.9,381.53,-182.9,182.9,-89.4
52807500,-0.05,-30.57,1.9,380.57,-182.9,182.9,-89.4
52809000,-0.05,-30.63,2.2,332.08,-182.5,182.6,-89.3
52810500,-0.05,-30.64,2.0,353.90,-182.5,182.5,-89.4
52812000,-0.06,-30.67,2.4,301.46,-182.3,182.3,-89.3
52813500,-0.04,-30.65,1.8,393.11,-182.5,182.5,-89.4
52815000,-0.06,-30.75,2.6,268.95,-181.8,181.8,-89.2
52816500,-0.05,-30.75,2.1,338.00,-181.8,181.9,-89.3
52818000,-0.07,-30.80,2.7,264.75,-181.5,181.5,-89.2
52819500,-0.05,-30.80,2.1,342.61,-181.5,181.5,-89.3
52821000,-0.06,-30.85,2.5,279.95,-181.2,181.2,-89.2
52822500,-0.05,-30.81,2.1,343.64,-181.4,181.4,-89.3
52824000,-0.07,-30.90,2.8,250.11,-180.9,180.9,-89.1
52825500,-0.05,-30.90,2.0,351.83,-180.9,180.9,-89.4
52827000,-0.06,-30.94,2.4,292.33,-180.7,180.7,-89.2
52828500,-0.05,-30.91,1.9,363.20,-180.8,180.8,-89.4
52830000,-0.06,-30.97,2.6,273.79,-180.4,180.4,-89.2
52831500,-0.05,-31.00,2.1,338.11,-180.3,180.3,-89.3
52833000,-0.06,-31.05,2.5,279.48,-180.0,180.0,-89.2
52834500,-0.06,-31.07,2.5,274.51,-179.8,179.8,-89.2
52836000,-0.06,-31.13,2.5,280.33,-179.5,179.5,-89.2
52837500,-0.06,-31.11,2.4,286.71,-179.6,179.6,-89.2
52839000,-0.06,-31.15,2.4,284.57,-179.4,179.4,-89.2
52840500,-0.06,-31.18,2.4,283.24,-179.2,179.2,-89.2
52842000,-0.06,-31.20,2.5,274.85,-179.0,179.0,-89.2
52843500,-0.06,-31.23,2.5,274.02,-178.9,178.9,-89.2
52845000,-0.06,-31.27,2.2,312.00,-178.6,178.6,-89.3
52846500,-0.07,-31.29,2.7,250.58,-178.5,178.5,-89.1
52848000,-0.06,-31.28,2.6,268.44,-178.6,178.6,-89.2
52849500,-0.07,-31.36,2.8,241.47,-178.1,178.1,-89.1
52851000,-0.06,-31.33,2.4,284.28,-178.2,178.3,-89.2
52852500,-0.08,-31.40,3.2,210.61,-177.8,177.8,-89.0
52854000,-0.06,-31.40,2.4,281.20,-177.9,177.9,-89.2
52855500,-0.09,-31.40,3.4,201.08,-177.8,177.9,-88.9
52857000,-0.06,-31.41,2.5,268.97,-177.8,177.8,-89.2
52858500,-0.09,-31.48,3.4,199.79,-177.4,177.4,-88.9
52860000,-0.06,-31.48,2.4,277.35,-177.4,177.4,-89.2
52861500,-0.08,-31.54,3.1,218.05,-177.0,177.1,-89.0
52863000,-0.06,-31.60,2.4,282.39,-176.7,176.7,-89.2
52864500,-0.08,-31.58,3.1,214.41,-176.8,176.8,-89.0
52866000,-0.08,-31.56,3.0,223.86,-176.9,176.9,-89.0
52867500,-0.08,-31.63,3.2,207.61,-176.5,176.5,-88.9
52869000,-0.08,-31.67,3.0,225.78,-176.3,176.3,-89.0
52870500,-0.08,-31.71,3.2,208.10,-176.0,176.0,-89.0
52872000,-0.08,-31.68,3.1,217.23,-176.2,176.2,-89.0
52873500,-0.08,-31.75,3.2,211.42,-175.7,175.8,-89.0
52875000,-0.09,-31.72,3.3,203.16,-175.9,175.9,-88.9
52876500,-0.08,-31.84,3.1,213.09,-175.3,175.3,-89.0
52878000,-0.09,-31.75,3.3,201.63,-175.7,175.8,-88.9
52879500,-0.08,-31.86,2.9,229.83,-175.2,175.2,-89.1
52881000,-0.09,-31.86,3.5,191.66,-175.1,175.1,-88.9
52882500,-0.08,-31.89,2.9,225.13,-174.9,175.0,-89.0
52884000,-0.10,-31.94,3.8,173.82,-174.6,174.7,-88.8
52885500,-0.08,-31.95,3.1,215.43,-174.6,174.6,-89.0
52887000,-0.10,-32.00,3.8,172.35,-174.3,174.3,-88.7
52888500,-0.08,-32.02,3.1,209.70,-174.2,174.2,-89.0
52890000,-0.10,-32.05,3.9,168.27,-174.0,174.0,-88.7
52891500,-0.09,-32.07,3.2,203.51,-173.9,173.9,-88.9
52893000,-0.10,-32.12,3.7,175.73,-173.6,173.7,-88.8
52894500,-0.07,-32.10,2.8,231.65,-173.8,173.8,-89.1
52896000,-0.10,-32.18,3.7,175.30,-173.2,173.3,-88.8
52897500,-0.08,-32.16,3.0,213.91,-173.4,173.4,-89.0
52899000,-0.10,-32.23,3.6,182.27,-173.0,173.0,-88.8
52900500,-0.09,-32.21,3.4,191.83,-173.1,173.1,-88.9
52902000,-0.10,-32.30,3.6,180.51,-172.6,172.7,-88.8
52903500,-0.10,-32.27,3.6,181.24,-172.8,172.8,-88.8
52905000,-0.11,-32.33,4.0,161.60,-172.4,172.4,-88.7
52906500,-0.10,-32.33,3.6,179.79,-172.4,172.5,-88.8
52908000,-0.09,-32.39,3.4,188.02,-172.1,172.2,-88.9
52909500,-0.10,-32.39,3.7,171.69,-172.1,172.1,-88.8
52911000,-0.11,-32.39,3.9,164.82,-172.1,172.1,-88.7
52912500,-0.10,-32.40,3.8,170.48,-172.0,172.1,-88.7
52914000,-0.10,-32.47,3.6,176.83,-171.6,171.6,-88.8
52915500,-0.10,-32.46,3.8,167.93,-171.7,171.7,-88.7
52917000,-0.10,-32.56,3.8,167.73,-171.2,171.2,-88.7
52918500,-0.12,-32.56,4.5,141.93,-171.1,171.2,-88.5
52920000,-0.10,-32.59,3.5,182.18,-171.0,171.0,-88.8
52921500,-0.12,-32.63,4.3,146.53,-170.7,170.8,-88.5
52923000,-0.10,-32.64,3.7,173.09,-170.7,170.7,-88.8
52924500,-0.12,-32.67,4.2,149.61,-170.5,170.6,-88.6
52926000,-0.10,-32.70,3.6,176.36,-170.3,170.4,-88.8
52927500,-0.13,-32.69,4.8,132.51,-170.3,170.4,-88.4
52929000,-0.10,-32.75,3.7,170.31,-170.1,170.1,-88.8
52930500,-0.11,-32.78,4.1,153.41,-169.9,170.0,-88.6
52932000,-0.10,-32.78,3.5,180.06,-169.9,169.9,-88.8
52933500,-0.13,-32.82,4.5,137.82,-169.7,169.7,-88.5
52935000,-0.10,-32.83,3.8,166.74,-169.7,169.7,-88.7
52936500,-0.12,-32.93,4.3,144.28,-169.1,169.1,-88.5
52938000,-0.12,-32.90,4.3,146.35,-169.3,169.3,-88.6
52939500,-0.13,-32.96,4.5,138.37,-168.9,169.0,-88.5
52941000,-0.12,-32.95,4.2,149.66,-169.0,169.1,-88.6
52942500,-0.13,-33.03,4.5,137.10,-168.5,168.6,-88.5
52944000,-0.13,-33.00,4.5,138.26,-168.7,168.7,-88.5
52945500,-0.12,-33.08,4.3,144.44,-168.3,168.3,-88.5
52947000,-0.12,-33.04,4.3,143.73,-168.5,168.5,-88.5
52948500,-0.12,-33.10,4.2,148.29,-168.2,168.2,-88.6
52950000,-0.12,-33.17,4.3,141.37,-167.8,167.8,-88.5
52951500,-0.11,-33.20,4.0,153.83,-167.6,167.7,-88.6
52953000,-0.13,-33.25,4.5,135.18,-167.4,167.4,-88.5
52954500,-0.12,-33.24,4.2,146.82,-167.4,167.5,-88.6
52956000,-0.14,-33.35,4.8,126.24,-166.8,166.8,-88.3
52957500,-0.12,-33.29,4.3,141.51,-167.2,167.2,-88.5
52959000,-0.14,-33.35,4.7,127.99,-166.8,166.9,-88.4
52960500,-0.12,-33.34,4.2,145.63,-166.9,166.9,-88.6
52962000,-0.13,-33.42,4.6,130.75,-166.4,166.5,-88.4
52963500,-0.12,-33.39,4.3,141.24,-166.6,166.7,-88.5
52965000,-0.13,-33.42,4.7,129.57,-166.4,166.5,-88.4
52966500,-0.12,-33.46,4.0,149.54,-166.3,166.3,-88.6
52968000,-0.15,-33.50,5.1,117.88,-166.0,166.1,-88.2
52969500,-0.12,-33.46,4.2,142.44,-166.2,166.3,-88.5
52971000,-0.14,-33.56,4.7,128.57,-165.7,165.8,-88.4
52972500,-0.13,-33.60,4.6,130.11,-165.5,165.6,-88.4
52974000,-0.15,-33.59,5.2,114.91,-165.5,165.6,-88.2
52975500,-0.14,-33.64,4.7,126.01,-165.3,165.3,-88.4
52977000,-0.14,-33.68,5.0,120.03,-165.0,165.1,-88.3
52978500,-0.14,-33.68,5.0,120.14,-165.1,165.2,-88.3
52980000,-0.15,-33.74,5.0,119.57,-164.7,164.8,-88.3
52981500,-0.14,-33.73,4.8,123.84,-164.8,164.9,-88.3
52983000,-0.13,-33.76,4.6,129.03,-164.7,164.7,-88.4
52984500,-0.15,-33.78,5.0,117.69,-164.6,164.6,-88.2
52986000,-0.14,-33.83,4.8,122.12,-164.3,164.4,-88.3
52987500,-0.15,-33.84,5.2,113.62,-164.2,164.3,-88.2
52989000,-0.14,-33.89,4.8,122.68,-164.0,164.0,-88.3
52990500,-0.17,-33.90,5.8,101.91,-163.9,164.0,-88.0
52992000,-0.14,-33.92,4.8,122.14,-163.8,163.9,-88.3
52993500,-0.17,-33.93,5.7,102.99,-163.7,163.8,-88.0
52995000,-0.14,-33.98,4.6,126.70,-163.5,163.6,-88.4
52996500,-0.18,-34.05,5.9,99.25,-163.1,163.2,-87.9
52998000,-0.13,-34.04,4.4,133.15,-163.2,163.3,-88.5
52999500,-0.16,-34.08,5.4,107.44,-163.0,163.1,-88.1
53001000,-0.14,-34.12,4.6,125.36,-162.8,162.9,-88.4
53002500,-0.17,-34.16,5.8,99.56,-162.6,162.7,-88.0
53004000,-0.14,-34.17,4.8,121.49,-162.6,162.6,-88.3
53005500,-0.17,-34.21,5.6,103.26,-162.3,162.4,-88.0
53007000,-0.16,-34.22,5.2,111.95,-162.3,162.4,-88.2
53008500,-0.18,-34.27,6.0,96.42,-162.0,162.1,-87.9
53010000,-0.16,-34.26,5.4,107.07,-162.1,162.2,-88.1
53011500,-0.17,-34.36,5.5,103.80,-161.6,161.7,-88.0
53013000,-0.16,-34.35,5.4,106.06,-161.6,161.7,-88.1
53014500,-0.17,-34.43,5.7,99.84,-161.2,161.3,-88.0
53016000,-0.17,-34.42,5.5,103.85,-161.2,161.3,-88.0
53017500,-0.16,-34.48,5.3,107.20,-160.9,161.0,-88.1
53019000,-0.17,-34.49,5.5,103.18,-160.9,161.0,-88.0
53020500,-0.16,-34.53,5.2,109.78,-160.7,160.8,-88.2
53022000,-0.18,-34.57,5.8,97.57,-160.5,160.6,-87.9
53023500,-0.16,-34.61,5.3,106.02,-160.3,160.4,-88.1
53025000,-0.19,-34.67,6.0,93.50,-160.0,160.1,-87.8
53026500,-0.16,-34.65,5.3,107.07,-160.1,160.2,-88.1
53028000,-0.19,-34.72,6.0,93.51,-159.7,159.8,-87.8
53029500,-0.16,-34.72,5.3,105.91,-159.8,159.9,-88.1
53031000,-0.19,-34.78,6.0,92.80,-159.5,159.6,-87.8
53032500,-0.16,-34.80,5.1,108.65,-159.4,159.5,-88.2
53034000,-0.19,-34.75,6.1,91.16,-159.6,159.7,-87.8
53035500,-0.16,-34.80,5.0,111.84,-159.4,159.5,-88.2
53037000,-0.19,-34.82,6.1,91.80,-159.3,159.4,-87.8
53038500,-0.17,-34.83,5.4,103.25,-159.2,159.3,-88.1
53040000,-0.18,-34.87,5.9,93.98,-159.0,159.1,-87.9
53041500,-0.17,-34.90,5.5,101.12,-158.9,159.0,-88.0
53043000,-0.20,-34.92,6.3,88.57,-158.7,158.9,-87.7
53044500,-0.18,-34.95,5.9,94.25,-158.6,158.7,-87.9
53046000,-0.19,-35.03,6.0,91.42,-158.2,158.4,-87.8
53047500,-0.19,-35.01,6.1,90.92,-158.3,158.4,-87.8
53049000,-0.20,-35.08,6.3,87.24,-158.0,158.1,-87.7
53050500,-0.19,-35.07,6.0,91.91,-158.1,158.2,-87.8
53052000,-0.18,-35.13,5.7,96.46,-157.8,157.9,-87.9
53053500,-0.20,-35.16,6.3,87.47,-157.6,157.7,-87.7
53055000,-0.19,-35.18,5.9,93.25,-157.5,157.6,-87.9
53056500,-0.20,-35.23,6.3,86.56,-157.2,157.4,-87.7
53058000,-0.18,-35.27,5.7,94.95,-157.1,157.2,-87.9
53059500,-0.22,-35.25,7.0,78.19,-157.1,157.3,-87.5
53061000,-0.20,-35.32,6.3,86.37,-156.8,156.9,-87.7
53062500,-0.22,-35.33,6.8,79.86,-156.7,156.9,-87.5
53064000,-0.19,-35.37,6.0,90.79,-156.6,156.7,-87.8
53065500,-0.22,-35.42,6.9,77.84,-156.3,156.4,-87.5
53067000,-0.19,-35.44,6.0,90.42,-156.3,156.4,-87.8
53068500,-0.21,-35.47,6.6,81.04,-156.1,156.2,-87.6
53070000,-0.19,-35.42,6.0,89.45,-156.4,156.5,-87.8
53071500,-0.22,-35.51,6.9,77.73,-155.9,156.0,-87.5
53073000,-0.20,-35.52,6.3,84.90,-155.9,156.0,-87.7
53074500,-0.22,-35.62,6.7,79.61,-155.4,155.5,-87.5
53076000,-0.20,-35.64,6.1,87.97,-155.4,155.5,-87.8
53077500,-0.23,-35.66,6.9,76.74,-155.2,155.3,-87.4
53079000,-0.21,-35.74,6.4,82.75,-154.9,155.0,-87.6
53080500,-0.22,-35.76,6.8,77.98,-154.7,154.9,-87.5
53082000,-0.22,-35.80,6.6,80.23,-154.5,154.7,-87.6
53083500,-0.22,-35.81,6.7,78.80,-154.5,154.6,-87.5
53085000,-0.21,-35.80,6.5,81.19,-154.5,154.7,-87.6
53086500,-0.21,-35.85,6.4,82.49,-154.3,154.5,-87.6
53088000,-0.22,-35.90,6.7,78.69,-154.1,154.2,-87.5
53089500,-0.22,-35.92,6.5,80.47,-154.0,154.1,-87.6
53091000,-0.23,-36.01,7.1,74.01,-153.5,153.7,-87.4
53092500,-0.20,-36.02,6.1,85.96,-153.6,153.7,-87.7
53094000,-0.24,-36.03,7.2,72.24,-153.4,153.6,-87.3
53095500,-0.22,-36.02,6.5,80.01,-153.5,153.7,-87.6
53097000,-0.25,-36.05,7.4,70.21,-153.3,153.5,-87.2
53098500,-0.22,-36.07,6.5,79.78,-153.3,153.5,-87.6
53100000,-0.25,-36.10,7.5,69.58,-153.1,153.3,-87.2
53101500,-0.22,-36.11,6.5,80.13,-153.1,153.3,-87.6
53103000,-0.25,-36.15,7.4,70.11,-152.9,153.1,-87.2
53104500,-0.21,-36.21,6.4,81.15,-152.7,152.8,-87.6
53106000,-0.26,-36.20,7.6,67.63,-152.7,152.8,-87.1
53107500,-0.22,-36.25,6.5,79.59,-152.5,152.7,-87.6
53109000,-0.25,-36.21,7.4,69.58,-152.6,152.8,-87.2
53110500,-0.22,-36.30,6.6,77.72,-152.2,152.4,-87.5
53112000,-0.25,-36.37,7.4,69.25,-151.9,152.1,-87.2
53113500,-0.24,-36.36,7.0,72.74,-151.9,152.1,-87.3
53115000,-0.25,-36.45,7.5,68.37,-151.5,151.7,-87.2
53116500,-0.25,-36.46,7.3,70.11,-151.5,151.7,-87.3
53118000,-0.26,-36.47,7.5,67.50,-151.4,151.6,-87.1
53119500,-0.25,-36.46,7.2,70.60,-151.5,151.7,-87.3
53121000,-0.23,-36.55,6.8,74.65,-151.1,151.3,-87.4
53122500,-0.25,-36.54,7.4,68.52,-151.1,151.3,-87.2
53124000,-0.24,-36.60,7.1,71.52,-150.9,151.0,-87.3
53125500,-0.26,-36.64,7.6,66.04,-150.6,150.8,-87.1
53127000,-0.24,-36.73,7.1,71.22,-150.3,150.5,-87.3
53128500,-0.27,-36.70,7.8,64.41,-150.4,150.6,-87.0
53130000,-0.24,-36.75,7.0,71.58,-150.2,150.4,-87.3
53131500,-0.27,-36.74,7.7,64.98,-150.2,150.4,-87.1
53133000,-0.25,-36.82,7.2,69.70,-149.9,150.1,-87.3
53134500,-0.28,-36.86,8.1,61.70,-149.6,149.9,-86.9
53136000,-0.24,-36.91,6.8,73.55,-149.6,149.7,-87.4
53137500,-0.28,-36.96,7.9,62.61,-149.2,149.5,-87.0
53139000,-0.24,-36.96,6.9,72.29,-149.3,149.5,-87.4
53140500,-0.28,-37.04,8.0,61.63,-148.9,149.1,-86.9
53142000,-0.25,-37.04,7.0,70.58,-149.0,149.1,-87.3
53143500,-0.27,-37.05,7.8,63.31,-148.9,149.1,-87.0
53145000,-0.25,-37.10,7.0,70.06,-148.7,148.9,-87.3
53146500,-0.29,-37.10,8.2,60.09,-148.6,148.8,-86.8
53148000,-0.26,-37.18,7.4,66.30,-148.3,148.5,-87.1
53149500,-0.28,-37.20,7.8,62.96,-148.2,148.4,-87.0
53151000,-0.28,-37.22,7.8,62.99,-148.1,148.3,-87.0
53152500,-0.29,-37.26,8.1,60.69,-147.9,148.1,-86.9
53154000,-0.28,-37.33,7.8,62.74,-147.6,147.8,-87.0
53155500,-0.28,-37.33,7.7,63.05,-147.6,147.8,-87.0
53157000,-0.29,-37.33,8.0,60.86,-147.6,147.9,-86.9
53158500,-0.28,-37.35,7.8,62.46,-147.5,147.7,-87.0
53160000,-0.30,-37.37,8.3,58.54,-147.4,147.7,-86.8
53161500,-0.27,-37.47,7.5,64.26,-147.1,147.3,-87.1
53163000,-0.30,-37.47,8.5,57.04,-147.0,147.2,-86.7
53164500,-0.28,-37.49,7.7,62.93,-147.0,147.2,-87.0
53166000,-0.31,-37.50,8.5,56.49,-146.9,147.1,-86.7
53167500,-0.28,-37.57,7.8,61.88,-146.6,146.8,-87.0
53169000,-0.32,-37.55,8.8,54.80,-146.6,146.9,-86.6
53170500,-0.27,-37.61,7.6,63.19,-146.5,146.7,-87.0
53172000,-0.32,-37.65,8.8,54.48,-146.2,146.5,-86.6
53173500,-0.27,-37.71,7.5,63.90,-146.1,146.3,-87.1
53175000,-0.33,-37.68,9.0,53.40,-146.0,146.3,-86.5
53176500,-0.28,-37.71,7.6,62.94,-146.1,146.3,-87.0
53178000,-0.31,-37.73,8.6,55.53,-145.9,146.1,-86.6
53179500,-0.28,-37.78,7.7,62.21,-145.8,146.0,-87.0
53181000,-0.32,-37.82,8.8,54.22,-145.5,145.8,-86.6
53182500,-0.30,-37.90,8.3,57.11,-145.2,145.4,-86.7
53184000,-0.31,-37.92,8.5,55.52,-145.1,145.3,-86.6
53185500,-0.31,-37.95,8.4,56.10,-145.0,145.2,-86.7
53187000,-0.32,-37.99,8.7,54.12,-144.8,145.0,-86.6
53188500,-0.31,-38.05,8.4,56.09,-144.6,144.8,-86.7
53190000,-0.30,-38.03,8.2,57.04,-144.7,144.9,-86.7
53191500,-0.31,-38.03,8.5,55.39,-144.6,144.9,-86.6
53193000,-0.31,-38.04,8.5,55.25,-144.6,144.8,-86.6
53194500,-0.33,-38.11,8.8,53.01,-144.3,144.5,-86.5
53196000,-0.31,-38.26,8.2,56.75,-143.7,144.0,-86.7
53197500,-0.33,-38.28,8.9,52.14,-143.6,143.9,-86.5
53199000,-0.31,-38.30,8.2,56.59,-143.6,143.8,-86.7
53200500,-0.33,-38.37,8.8,52.31,-143.2,143.5,-86.5
53202000,-0.31,-38.40,8.3,55.38,-143.1,143.4,-86.7
53203500,-0.35,-38.43,9.2,50.10,-142.9,143.2,-86.3
53205000,-0.31,-38.44,8.1,56.55,-143.0,143.3,-86.7
53206500,-0.34,-38.48,9.1,50.60,-142.7,143.0,-86.4
53208000,-0.31,-38.50,8.3,55.19,-142.8,143.0,-86.7
53209500,-0.35,-38.53,9.1,50.18,-142.5,142.8,-86.3
53211000,-0.31,-38.56,8.1,56.48,-142.5,142.8,-86.7
53212500,-0.34,-38.65,9.0,50.47,-142.1,142.4,-86.4
53214000,-0.31,-38.60,8.2,55.61,-142.3,142.6,-86.7
53215500,-0.36,-38.70,9.3,48.85,-141.8,142.1,-86.3
53217000,-0.33,-38.70,8.6,52.86,-141.9,142.2,-86.5
53218500,-0.35,-38.75,9.1,49.56,-141.6,141.9,-86.3
53220000,-0.33,-38.76,8.7,52.08,-141.7,141.9,-86.5
53221500,-0.36,-38.74,9.5,47.93,-141.7,142.0,-86.2
53223000,-0.35,-38.81,9.0,50.16,-141.4,141.7,-86.4
53224500,-0.34,-38.85,8.8,51.27,-141.3,141.6,-86.4
53226000,-0.35,-38.88,9.0,50.25,-141.2,141.5,-86.4
53227500,-0.34,-38.83,8.8,51.34,-141.4,141.7,-86.4
53229000,-0.36,-38.93,9.2,48.90,-141.0,141.3,-86.3
53230500,-0.34,-39.04,8.7,51.07,-140.6,140.8,-86.4
53232000,-0.38,-39.03,9.7,46.05,-140.5,140.8,-86.1
53233500,-0.34,-39.01,8.8,50.78,-140.7,140.9,-86.4
53235000,-0.37,-39.09,9.5,46.72,-140.3,140.6,-86.1
53236500,-0.34,-39.13,8.8,50.43,-140.2,140.5,-86.4
53238000,-0.39,-39.12,10.0,44.42,-140.1,140.5,-85.9
53239500,-0.34,-39.14,8.7,51.33,-140.2,140.5,-86.5
53241000,-0.38,-39.19,9.6,45.96,-139.9,140.2,-86.1
53242500,-0.34,-39.24,8.7,50.93,-139.8,140.1,-86.4
53244000,-0.40,-39.28,10.1,43.72,-139.5,139.8,-85.9
53245500,-0.34,-39.27,8.6,51.39,-139.7,139.9,-86.5
53247000,-0.38,-39.27,9.6,45.94,-139.6,139.9,-86.1
53248500,-0.35,-39.39,8.7,50.35,-139.2,139.5,-86.4
53250000,-0.40,-39.34,10.1,43.66,-139.2,139.6,-85.9
53251500,-0.38,-39.46,9.4,46.33,-138.9,139.2,-86.1
53253000,-0.38,-39.53,9.6,45.35,-138.6,138.9,-86.0
53254500,-0.37,-39.57,9.3,47.01,-138.5,138.8,-86.2
53256000,-0.39,-39.56,9.7,44.80,-138.4,138.8,-86.0
53257500,-0.37,-39.68,9.2,47.01,-138.0,138.3,-86.2
53259000,-0.37,-39.73,9.1,47.25,-137.9,138.2,-86.2
53260500,-0.38,-39.70,9.6,45.15,-137.9,138.3,-86.0
53262000,-0.38,-39.69,9.4,45.90,-138.0,138.3,-86.1
53263500,-0.39,-39.80,9.6,44.58,-137.5,137.9,-86.0
53265000,-0.38,-39.91,9.3,46.21,-137.2,137.5,-86.1
53266500,-0.42,-39.92,10.3,41.50,-137.0,137.4,-85.7
53268000,-0.38,-39.91,9.3,45.91,-137.1,137.5,-86.1
53269500,-0.41,-39.94,10.1,42.14,-136.9,137.3,-85.8
53271000,-0.38,-40.02,9.3,45.67,-136.7,137.0,-86.1
53272500,-0.42,-40.01,10.4,41.09,-136.6,137.0,-85.7
53274000,-0.38,-40.01,9.2,46.28,-136.8,137.1,-86.2
53275500,-0.42,-40.10,10.2,41.43,-136.3,136.7,-85.7
53277000,-0.38,-40.14,9.2,46.12,-136.3,136.6,-86.1
53278500,-0.43,-40.12,10.5,40.10,-136.2,136.6,-85.6
53280000,-0.38,-40.15,9.3,45.34,-136.3,136.6,-86.1
53281500,-0.42,-40.13,10.2,41.58,-136.2,136.6,-85.7
53283000,-0.37,-40.16,9.0,46.90,-136.3,136.6,-86.2
53284500,-0.43,-40.21,10.4,40.55,-135.9,136.3,-85.6
53286000,-0.40,-40.27,9.8,43.03,-135.7,136.1,-85.9
53287500,-0.43,-40.37,10.3,40.66,-135.3,135.7,-85.7
53289000,-0.41,-40.41,9.8,42.41,-135.2,135.6,-85.8
53290500,-0.43,-40.38,10.4,40.15,-135.3,135.7,-85.6
53292000,-0.41,-40.47,9.9,42.09,-135.0,135.4,-85.8
53293500,-0.42,-40.46,10.1,41.40,-135.0,135.4,-85.7
53295000,-0.42,-40.48,10.1,40.99,-134.9,135.3,-85.7
53296500,-0.42,-40.45,10.1,41.18,-135.0,135.4,-85.7
53298000,-0.42,-40.54,10.1,40.89,-134.7,135.1,-85.7
53299500,-0.41,-40.62,9.7,42.79,-134.5,134.8,-85.9
53301000,-0.45,-40.67,10.8,38.25,-134.1,134.6,-85.4
53302500,-0.42,-40.70,10.0,41.24,-134.2,134.5,-85.7
53304000,-0.45,-40.73,10.6,38.62,-133.9,134.4,-85.5
53305500,-0.41,-40.81,9.7,42.12,-133.8,134.1,-85.8
53307000,-0.47,-40.72,11.2,36.78,-133.9,134.4,-85.2
53308500,-0.41,-40.83,9.7,41.99,-133.7,134.1,-85.8
53310000,-0.47,-40.85,11.0,37.23,-133.5,133.9,-85.3
53311500,-0.41,-40.90,9.6,42.64,-133.5,133.8,-85.9
53313000,-0.47,-40.89,11.1,36.71,-133.3,133.8,-85.2
53314500,-0.42,-41.00,9.7,41.75,-133.1,133.5,-85.8
53316000,-0.47,-40.92,10.9,37.26,-133.2,133.7,-85.3
53317500,-0.43,-41.05,9.9,40.81,-132.9,133.3,-85.7
53319000,-0.48,-41.04,11.1,36.55,-132.8,133.2,-85.2
53320500,-0.44,-41.23,10.3,39.12,-132.2,132.6,-85.6
53322000,-0.46,-41.28,10.6,37.93,-132.0,132.4,-85.4
53323500,-0.45,-41.35,10.4,38.41,-131.8,132.2,-85.5
53325000,-0.48,-41.35,11.0,36.34,-131.7,132.1,-85.2
53326500,-0.45,-41.36,10.4,38.32,-131.7,132.2,-85.5
53328000,-0.46,-41.43,10.4,38.16,-131.5,131.9,-85.5
53329500,-0.46,-41.41,10.6,37.71,-131.6,132.0,-85.4
53331000,-0.46,-41.42,10.4,38.08,-131.5,131.9,-85.5
53332500,-0.47,-41.51,10.7,36.95,-131.2,131.6,-85.3
53334000,-0.44,-41.59,10.1,39.22,-131.0,131.4,-85.6
53335500,-0.50,-41.61,11.3,34.77,-130.7,131.2,-85.0
53337000,-0.47,-41.62,10.6,37.28,-130.8,131.2,-85.4
53338500,-0.50,-41.71,11.2,34.92,-130.4,130.9,-85.1
53340000,-0.46,-41.73,10.3,37.99,-130.5,130.9,-85.5
53341500,-0.51,-41.66,11.5,34.05,-130.5,131.1,-84.9
53343000,-0.45,-41.69,10.3,38.26,-130.6,131.0,-85.5
53344500,-0.51,-41.67,11.5,34.23,-130.5,131.0,-85.0
53346000,-0.45,-41.79,10.1,38.70,-130.3,130.7,-85.6
53347500,-0.52,-41.73,11.7,33.57,-130.3,130.8,-84.9
53349000,-0.46,-41.80,10.4,37.60,-130.2,130.6,-85.4
53350500,-0.51,-41.79,11.6,33.81,-130.1,130.6,-84.9
53352000,-0.47,-41.84,10.5,37.30,-130.1,130.5,-85.4
53353500,-0.52,-41.84,11.7,33.34,-129.9,130.4,-84.9
53355000,-0.48,-41.98,10.6,36.55,-129.6,130.0,-85.3
53356500,-0.51,-42.09,11.2,34.29,-129.1,129.6,-85.0
53358000,-0.49,-42.08,10.9,35.34,-129.2,129.7,-85.2
53359500,-0.52,-42.12,11.5,33.51,-129.0,129.5,-84.9
53361000,-0.49,-42.16,10.8,35.44,-128.9,129.4,-85.2
53362500,-0.51,-42.17,11.2,34.30,-128.8,129.3,-85.0
53364000,-0.51,-42.19,11.3,34.09,-128.7,129.2,-85.0
53365500,-0.50,-42.16,11.1,34.54,-128.9,129.4,-85.1
53367000,-0.51,-42.28,11.3,33.85,-128.4,128.9,-85.0
53368500,-0.49,-42.40,10.8,35.34,-128.1,128.6,-85.2
53370000,-0.54,-42.41,11.9,31.93,-127.9,128.5,-84.7
53371500,-0.51,-42.41,11.1,34.16,-128.0,128.5,-85.0
53373000,-0.54,-42.48,11.7,32.36,-127.7,128.3,-84.8
53374500,-0.50,-42.57,10.9,34.62,-127.5,128.0,-85.1
53376000,-0.56,-42.48,12.3,30.87,-127.6,128.2,-84.5
53377500,-0.50,-42.55,11.0,34.49,-127.6,128.1,-85.1
53379000,-0.56,-42.59,12.2,30.98,-127.3,127.8,-84.5
53380500,-0.50,-42.70,10.8,34.86,-127.1,127.6,-85.2
53382000,-0.57,-42.74,12.2,30.59,-126.8,127.4,-84.5
53383500,-0.50,-42.81,10.8,34.42,-126.8,127.2,-85.1
53385000,-0.56,-42.79,11.9,31.24,-126.6,127.2,-84.6
53386500,-0.51,-42.85,10.8,34.39,-126.6,127.1,-85.1
53388000,-0.57,-42.88,12.1,30.66,-126.3,126.9,-84.5
53389500,-0.53,-42.97,11.3,32.65,-126.1,126.6,-84.9
53391000,-0.55,-43.08,11.7,31.50,-125.7,126.3,-84.7
53392500,-0.54,-43.09,11.5,31.95,-125.7,126.3,-84.8
53394000,-0.56,-43.10,11.9,30.83,-125.6,126.2,-84.6
53395500,-0.54,-43.17,11.4,32.16,-125.5,126.0,-84.8
53397000,-0.56,-43.19,11.8,31.03,-125.4,125.9,-84.6
53398500,-0.56,-43.19,11.7,31.30,-125.4,125.9,-84.7
53400000,-0.55,-43.13,11.7,31.45,-125.6,126.1,-84.7
53401500,-0.55,-43.27,11.5,31.73,-125.1,125.7,-84.7
53403000,-0.54,-43.32,11.4,31.99,-125.0,125.5,-84.8
53404500,-0.59,-43.27,12.4,29.45,-125.0,125.6,-84.3
53406000,-0.56,-43.32,11.7,31.20,-125.0,125.5,-84.7
53407500,-0.58,-43.38,12.1,29.94,-124.7,125.3,-84.4
53409000,-0.55,-43.42,11.4,31.79,-124.7,125.2,-84.8
53410500,-0.61,-43.39,12.7,28.49,-124.5,125.2,-84.2
53412000,-0.55,-43.46,11.4,31.68,-124.6,125.1,-84.8
53413500,-0.61,-43.45,12.6,28.68,-124.4,125.0,-84.2
53415000,-0.54,-43.58,11.1,32.39,-124.2,124.7,-84.9
53416500,-0.62,-43.51,12.9,27.90,-124.1,124.8,-84.0
53418000,-0.55,-43.63,11.3,31.78,-124.0,124.5,-84.8
53419500,-0.60,-43.62,12.4,28.91,-123.9,124.5,-84.3
53421000,-0.55,-43.74,11.4,31.39,-123.7,124.2,-84.7
53422500,-0.62,-43.65,12.7,28.18,-123.7,124.4,-84.1
53424000,-0.57,-43.79,11.7,30.55,-123.5,124.0,-84.6
53425500,-0.60,-43.85,12.4,28.81,-123.1,123.8,-84.3
53427000,-0.58,-43.97,11.9,29.79,-122.9,123.4,-84.5
53428500,-0.62,-43.91,12.6,28.07,-122.9,123.6,-84.1
53430000,-0.58,-44.05,11.9,29.72,-122.6,123.2,-84.5
53431500,-0.61,-43.99,12.4,28.51,-122.7,123.3,-84.2
53433000,-0.61,-44.02,12.4,28.53,-122.6,123.2,-84.2
53434500,-0.60,-43.95,12.3,28.73,-122.8,123.4,-84.3
53436000,-0.60,-44.05,12.2,29.00,-122.6,123.2,-84.3
53437500,-0.59,-44.17,12.0,29.36,-122.2,122.8,-84.4
53439000,-0.64,-44.21,12.9,27.25,-121.9,122.6,-84.0
53440500,-0.60,-44.26,12.2,28.77,-121.9,122.5,-84.3
53442000,-0.64,-44.41,12.7,27.36,-121.3,122.0,-84.0
53443500,-0.60,-44.51,11.9,28.97,-121.2,121.8,-84.4
53445000,-0.66,-44.49,13.2,26.26,-121.0,121.7,-83.8
53446500,-0.61,-44.52,12.0,28.72,-121.1,121.7,-84.3
53448000,-0.66,-44.55,13.1,26.38,-120.8,121.6,-83.8
53449500,-0.60,-44.57,11.9,29.04,-121.0,121.6,-84.4
53451000,-0.67,-44.56,13.4,25.82,-120.8,121.5,-83.7
53452500,-0.60,-44.62,11.8,29.16,-120.9,121.4,-84.4
53454000,-0.66,-44.66,13.1,26.20,-120.5,121.2,-83.8
53455500,-0.60,-44.76,11.9,28.80,-120.4,121.0,-84.4
53457000,-0.68,-44.71,13.3,25.75,-120.3,121.0,-83.7
53458500,-0.62,-44.85,12.1,28.22,-120.1,120.7,-84.3
53460000,-0.67,-44.92,13.1,25.97,-119.7,120.4,-83.8
53461500,-0.65,-45.04,12.6,26.82,-119.5,120.1,-84.0
53463000,-0.68,-44.95,13.3,25.49,-119.6,120.3,-83.7
53464500,-0.64,-45.04,12.4,27.36,-119.5,120.1,-84.1
53466000,-0.66,-44.98,12.8,26.40,-119.6,120.3,-83.9
53467500,-0.66,-44.95,12.8,26.48,-119.7,120.4,-83.9
53469000,-0.66,-44.93,12.9,26.24,-119.7,120.4,-83.8
53470500,-0.66,-45.07,12.8,26.35,-119.3,120.0,-83.9
53472000,-0.65,-45.13,12.6,26.75,-119.2,119.9,-84.0
53473500,-0.69,-45.20,13.4,25.02,-118.8,119.6,-83.6
53475000,-0.66,-45.16,12.8,26.36,-119.1,119.8,-83.9
53476500,-0.69,-45.26,13.2,25.26,-118.7,119.4,-83.6
53478000,-0.65,-45.42,12.5,26.63,-118.3,119.0,-84.0
53479500,-0.71,-45.37,13.6,24.40,-118.3,119.1,-83.4
53481000,-0.66,-45.39,12.6,26.49,-118.4,119.1,-83.9
53482500,-0.71,-45.29,13.7,24.36,-118.5,119.3,-83.4
53484000,-0.64,-45.49,12.1,27.35,-118.2,118.8,-84.1
53485500,-0.74,-45.32,14.1,23.57,-118.3,119.2,-83.2
53487000,-0.65,-45.51,12.4,26.72,-118.1,118.8,-84.0
53488500,-0.72,-45.45,13.7,24.30,-118.0,118.8,-83.4
53490000,-0.65,-45.60,12.4,26.60,-117.8,118.5,-84.0
53491500,-0.74,-45.53,14.0,23.62,-117.7,118.6,-83.2
53493000,-0.66,-45.75,12.5,26.28,-117.4,118.0,-83.9
53494500,-0.72,-45.78,13.6,24.05,-117.1,117.9,-83.4
53496000,-0.69,-45.89,13.0,25.03,-116.9,117.6,-83.6
53497500,-0.74,-45.78,13.9,23.55,-117.0,117.8,-83.2
53499000,-0.69,-45.99,12.8,25.36,-116.6,117.3,-83.7
53500500,-0.73,-45.91,13.6,23.85,-116.7,117.5,-83.3
53502000,-0.71,-45.94,13.3,24.46,-116.7,117.4,-83.5
53503500,-0.72,-45.95,13.5,24.03,-116.6,117.4,-83.4
53505000,-0.73,-46.10,13.5,23.96,-116.2,117.0,-83.4
53506500,-0.71,-46.21,13.2,24.40,-115.9,116.7,-83.5
53508000,-0.75,-46.28,13.9,23.10,-115.6,116.4,-83.2
53509500,-0.71,-46.28,13.2,24.35,-115.7,116.5,-83.5
53511000,-0.75,-46.40,13.8,23.14,-115.3,116.1,-83.2
53512500,-0.71,-46.49,13.1,24.33,-115.1,115.9,-83.5
53514000,-0.77,-46.46,14.1,22.54,-115.0,115.9,-83.0
53515500,-0.72,-46.55,13.1,24.20,-115.0,115.7,-83.5
53517000,-0.78,-46.46,14.2,22.35,-115.0,115.9,-82.9
53518500,-0.70,-46.61,12.8,24.77,-114.9,115.6,-83.7
53520000,-0.80,-46.50,14.7,21.65,-114.8,115.7,-82.7
53521500,-0.71,-46.62,12.9,24.44,-114.8,115.6,-83.6
53523000,-0.78,-46.57,14.2,22.24,-114.7,115.6,-82.9
53524500,-0.72,-46.70,13.0,24.19,-114.6,115.3,-83.5
53526000,-0.79,-46.69,14.3,21.97,-114.3,115.2,-82.9
53527500,-0.72,-46.71,13.1,24.12,-114.5,115.3,-83.5
53529000,-0.79,-46.70,14.3,22.00,-114.3,115.2,-82.9
53530500,-0.75,-46.89,13.5,23.24,-113.9,114.7,-83.3
53532000,-0.80,-46.78,14.4,21.73,-114.1,115.0,-82.8
53533500,-0.74,-46.97,13.3,23.36,-113.8,114.5,-83.3
53535000,-0.79,-46.90,14.2,22.00,-113.8,114.7,-82.9
53536500,-0.77,-46.96,13.8,22.58,-113.7,114.5,-83.1
53538000,-0.78,-46.94,14.0,22.31,-113.7,114.6,-83.0
53539500,-0.78,-47.02,13.9,22.39,-113.5,114.3,-83.0
53541000,-0.78,-47.05,13.8,22.43,-113.4,114.3,-83.0
53542500,-0.81,-47.18,14.4,21.49,-113.0,113.9,-82.8
53544000,-0.78,-47.06,14.0,22.16,-113.4,114.2,-83.0
53545500,-0.81,-47.27,14.4,21.33,-112.7,113.6,-82.7
53547000,-0.78,-47.42,13.7,22.40,-112.5,113.3,-83.1
53548500,-0.83,-47.34,14.7,20.89,-112.5,113.4,-82.6
53550000,-0.77,-47.39,13.7,22.43,-112.5,113.4,-83.1
53551500,-0.84,-47.35,14.7,20.80,-112.4,113.4,-82.5
53553000,-0.76,-47.49,13.3,22.93,-112.3,113.1,-83.2
53554500,-0.86,-47.35,15.2,20.14,-112.3,113.3,-82.3
53556000,-0.76,-47.53,13.4,22.76,-112.2,113.0,-83.2
53557500,-0.85,-47.40,14.9,20.54,-112.2,113.2,-82.4
53559000,-0.77,-47.65,13.4,22.58,-111.9,112.7,-83.2
53560500,-0.88,-47.46,15.3,19.86,-112.0,113.0,-82.2
53562000,-0.78,-47.78,13.5,22.32,-111.5,112.3,-83.1
53563500,-0.85,-47.77,14.7,20.47,-111.3,112.3,-82.5
53565000,-0.81,-47.96,13.9,21.53,-111.0,111.8,-82.9
53566500,-0.87,-47.98,14.9,19.99,-110.7,111.7,-82.3
53568000,-0.82,-48.17,14.1,21.12,-110.4,111.3,-82.7
53569500,-0.86,-48.11,14.7,20.27,-110.4,111.4,-82.4
53571000,-0.84,-48.20,14.3,20.73,-110.2,111.1,-82.6
53572500,-0.86,-48.03,14.8,20.20,-110.6,111.6,-82.4
53574000,-0.84,-48.22,14.4,20.59,-110.2,111.1,-82.6
53575500,-0.85,-48.24,14.4,20.51,-110.1,111.0,-82.5
53577000,-0.87,-48.37,14.7,19.99,-109.7,110.7,-82.4
53578500,-0.86,-48.29,14.5,20.30,-109.9,110.9,-82.5
53580000,-0.89,-48.48,14.9,19.60,-109.3,110.4,-82.2
53581500,-0.84,-48.54,14.1,20.74,-109.4,110.3,-82.6
53583000,-0.91,-48.53,15.2,19.20,-109.1,110.2,-82.1
53584500,-0.85,-48.57,14.4,20.33,-109.3,110.2,-82.5
53586000,-0.91,-48.51,15.3,19.13,-109.2,110.3,-82.0
53587500,-0.83,-48.66,13.9,20.93,-109.1,110.0,-82.7
53589000,-0.93,-48.40,15.7,18.63,-109.4,110.5,-81.8
53590500,-0.83,-48.59,14.0,20.94,-109.3,110.2,-82.7
53592000,-0.92,-48.47,15.4,18.97,-109.3,110.4,-82.0
53593500,-0.83,-48.76,13.9,20.90,-108.9,109.7,-82.7
53595000,-0.94,-48.53,15.8,18.50,-109.0,110.1,-81.8
53596500,-0.84,-48.82,13.9,20.80,-108.7,109.6,-82.7
53598000,-0.92,-48.77,15.3,18.90,-108.5,109.6,-82.0
53599500,-0.87,-48.95,14.4,19.99,-108.3,109.2,-82.4
53601000,-0.93,-48.78,15.5,18.60,-108.4,109.5,-81.8
53602500,-0.87,-49.11,14.3,19.99,-107.9,108.8,-82.4
53604000,-0.93,-49.04,15.3,18.68,-107.8,108.9,-81.9
53605500,-0.89,-49.13,14.7,19.44,-107.7,108.7,-82.2
53607000,-0.94,-48.97,15.4,18.59,-108.0,109.1,-81.9
53608500,-0.91,-49.10,15.0,19.10,-107.7,108.8,-82.1
53610000,-0.91,-49.16,14.9,19.15,-107.6,108.6,-82.1
53611500,-0.94,-49.22,15.4,18.41,-107.3,108.4,-81.8
53613000,-0.92,-49.14,15.1,18.90,-107.6,108.7,-82.0
53614500,-0.95,-49.37,15.4,18.39,-107.0,108.1,-81.8
53616000,-0.90,-49.54,14.6,19.24,-106.7,107.7,-82.2
53617500,-0.97,-49.46,15.7,17.95,-106.7,107.8,-81.6
53619000,-0.92,-49.55,14.9,18.91,-106.6,107.7,-82.1
53620500,-0.97,-49.46,15.7,17.90,-106.7,107.8,-81.6
53622000,-0.89,-49.62,14.4,19.49,-106.6,107.5,-82.3
53623500,-1.01,-49.44,16.3,17.22,-106.5,107.8,-81.3
53625000,-0.90,-49.61,14.6,19.27,-106.6,107.5,-82.2
53626500,-1.00,-49.63,16.0,17.42,-106.1,107.3,-81.4
53628000,-0.91,-49.95,14.6,19.00,-105.7,106.7,-82.2
53629500,-1.02,-49.75,16.3,17.08,-105.8,107.0,-81.2
53631000,-0.93,-49.97,14.8,18.74,-105.6,106.6,-82.0
53632500,-1.01,-50.00,16.1,17.14,-105.2,106.4,-81.3
53634000,-0.95,-50.23,15.0,18.24,-104.9,106.0,-81.9
53635500,-1.02,-50.04,16.2,17.00,-105.1,106.3,-81.2
53637000,-0.96,-50.32,15.1,18.13,-104.7,105.8,-81.8
53638500,-1.01,-50.28,15.8,17.27,-104.6,105.8,-81.4
53640000,-0.97,-50.35,15.3,17.84,-104.5,105.7,-81.7
53641500,-1.02,-50.26,16.0,17.10,-104.6,105.8,-81.3
53643000,-0.99,-50.44,15.4,17.59,-104.3,105.4,-81.6
53644500,-0.99,-50.37,15.5,17.59,-104.5,105.6,-81.6
53646000,-1.01,-50.49,15.7,17.21,-104.1,105.3,-81.4
53647500,-1.01,-50.35,15.9,17.16,-104.4,105.6,-81.4
53649000,-1.02,-50.66,15.8,17.00,-103.7,104.9,-81.3
53650500,-0.99,-50.69,15.2,17.64,-103.7,104.9,-81.6
53652000,-1.04,-50.60,16.1,16.72,-103.7,105.0,-81.2
53653500,-0.99,-50.63,15.4,17.52,-103.9,105.0,-81.6
53655000,-1.06,-50.51,16.5,16.41,-103.9,105.2,-81.0
53656500,-0.97,-50.78,14.9,17.99,-103.6,104.7,-81.8
53658000,-1.08,-50.52,16.7,16.14,-103.8,105.1,-80.8
53659500,-0.98,-50.75,15.1,17.83,-103.6,104.7,-81.7
53661000,-1.08,-50.58,16.7,16.10,-103.6,105.0,-80.8
53662500,-0.97,-50.94,14.8,17.99,-103.2,104.3,-81.8
53664000,-1.10,-50.65,17.0,15.83,-103.4,104.8,-80.7
53665500,-0.98,-51.05,15.0,17.73,-102.9,104.0,-81.7
53667000,-1.09,-50.91,16.7,15.97,-102.9,104.2,-80.8
53668500,-1.01,-51.26,15.2,17.27,-102.4,103.5,-81.5
53670000,-1.11,-50.92,17.0,15.64,-102.7,104.1,-80.6
53671500,-1.02,-51.39,15.4,17.02,-102.0,103.2,-81.4
53673000,-1.09,-51.25,16.4,16.01,-102.1,103.4,-80.9
53674500,-1.04,-51.41,15.6,16.78,-101.9,103.1,-81.3
53676000,-1.10,-51.20,16.6,15.84,-102.2,103.5,-80.8
53677500,-1.06,-51.38,15.9,16.46,-101.9,103.2,-81.1
53679000,-1.07,-51.27,16.2,16.23,-102.1,103.4,-81.0
53680500,-1.08,-51.46,16.2,16.07,-101.7,102.9,-80.9
53682000,-1.08,-51.36,16.3,16.07,-101.9,103.2,-80.9
53683500,-1.10,-51.66,16.3,15.87,-101.2,102.5,-80.8
53685000,-1.06,-51.80,15.7,16.46,-101.0,102.2,-81.2
53686500,-1.13,-51.74,16.7,15.46,-100.9,102.3,-80.6
53688000,-1.07,-51.85,15.8,16.26,-100.9,102.1,-81.1
53689500,-1.14,-51.88,16.9,15.21,-100.5,101.9,-80.5
53691000,-1.06,-52.10,15.5,16.47,-100.4,101.6,-81.2
53692500,-1.18,-51.87,17.4,14.71,-100.4,101.9,-80.1
53694000,-1.07,-52.05,15.8,16.19,-100.4,101.6,-81.1
53695500,-1.17,-51.96,17.1,14.93,-100.3,101.7,-80.3
53697000,-1.07,-52.23,15.7,16.20,-100.0,101.2,-81.1
53698500,-1.19,-52.05,17.5,14.58,-100.0,101.5,-80.1
53700000,-1.08,-52.37,15.7,16.10,-99.7,100.9,-81.1
53701500,-1.18,-52.18,17.2,14.73,-99.7,101.2,-80.2
53703000,-1.10,-52.56,15.9,15.76,-99.2,100.5,-80.9
53704500,-1.20,-52.29,17.4,14.50,-99.4,100.9,-80.1
53706000,-1.12,-52.66,16.0,15.59,-99.0,100.3,-80.8
53707500,-1.19,-52.61,17.0,14.66,-98.8,100.2,-80.2
53709000,-1.14,-52.76,16.2,15.32,-98.7,100.0,-80.7
53710500,-1.19,-52.60,17.2,14.57,-98.8,100.3,-80.2
53712000,-1.14,-52.51,16.4,15.32,-99.2,100.6,-80.6
53713500,-1.15,-52.49,16.7,15.07,-99.2,100.6,-80.5
53715000,-1.16,-52.61,16.7,15.00,-98.9,100.3,-80.4
53716500,-1.17,-52.44,16.9,14.87,-99.2,100.6,-80.3
53718000,-1.18,-52.80,16.9,14.70,-98.4,99.9,-80.3
53719500,-1.14,-53.00,16.2,15.20,-98.1,99.5,-80.6
53721000,-1.21,-52.86,17.2,14.41,-98.2,99.7,-80.1
53722500,-1.15,-53.00,16.3,15.12,-98.1,99.5,-80.6
53724000,-1.21,-52.80,17.2,14.39,-98.3,99.8,-80.1
53725500,-1.14,-53.13,16.1,15.29,-97.9,99.2,-80.7
53727000,-1.27,-52.74,18.0,13.75,-98.2,99.8,-79.6
53728500,-1.14,-53.07,16.2,15.21,-98.0,99.3,-80.6
53730000,-1.23,-53.00,17.5,14.10,-97.8,99.3,-79.9
53731500,-1.14,-53.23,16.0,15.31,-97.7,99.0,-80.7
53733000,-1.28,-52.94,18.1,13.63,-97.8,99.4,-79.5
53734500,-1.14,-53.43,15.9,15.30,-97.3,98.6,-80.7
53736000,-1.26,-53.23,17.7,13.80,-97.2,98.8,-79.7
53737500,-1.17,-53.62,16.2,14.89,-96.8,98.1,-80.5
53739000,-1.29,-53.18,18.1,13.52,-97.2,98.9,-79.5
53740500,-1.18,-53.74,16.3,14.77,-96.5,97.9,-80.4
53742000,-1.26,-53.60,17.4,13.86,-96.5,98.1,-79.8
53743500,-1.21,-53.85,16.6,14.42,-96.2,97.6,-80.2
53745000,-1.28,-53.51,17.7,13.64,-96.6,98.2,-79.6
53746500,-1.23,-53.72,16.9,14.18,-96.4,97.9,-80.0
53748000,-1.24,-53.65,17.2,14.02,-96.5,98.0,-79.9
53749500,-1.24,-53.82,17.1,13.99,-96.1,97.6,-79.9
53751000,-1.28,-53.83,17.5,13.64,-96.0,97.5,-79.6
53752500,-1.28,-54.17,17.4,13.60,-95.3,96.9,-79.7
53754000,-1.24,-54.34,16.8,14.01,-95.1,96.5,-80.0
53755500,-1.32,-54.33,17.8,13.21,-94.8,96.5,-79.4
53757000,-1.26,-54.42,16.9,13.84,-94.9,96.4,-79.9
53758500,-1.32,-54.31,17.8,13.23,-94.9,96.5,-79.4
53760000,-1.25,-54.56,16.7,13.96,-94.6,96.1,-80.0
53761500,-1.37,-54.24,18.5,12.70,-94.8,96.6,-79.0
53763000,-1.25,-54.46,16.8,13.97,-94.8,96.3,-80.0
53764500,-1.36,-54.36,18.2,12.85,-94.6,96.3,-79.1
53766000,-1.25,-54.62,16.7,13.93,-94.5,96.0,-80.0
53767500,-1.39,-54.37,18.7,12.50,-94.4,96.3,-78.8
53769000,-1.25,-54.78,16.6,13.94,-94.2,95.6,-80.0
53770500,-1.38,-54.61,18.4,12.60,-94.0,95.8,-78.9
53772000,-1.27,-54.97,16.8,13.70,-93.7,95.2,-79.8
53773500,-1.39,-54.30,18.7,12.55,-94.6,96.4,-78.8
53775000,-1.26,-55.03,16.7,13.76,-93.7,95.1,-79.9
53776500,-1.36,-54.84,18.0,12.84,-93.7,95.4,-79.1
53778000,-1.28,-55.11,16.8,13.61,-93.4,95.0,-79.8
53779500,-1.38,-54.70,18.4,12.60,-93.8,95.6,-78.9
53781000,-1.32,-54.95,17.4,13.22,-93.6,95.2,-79.5
53782500,-1.35,-54.90,17.9,12.88,-93.6,95.3,-79.2
53784000,-1.33,-55.03,17.6,13.05,-93.4,95.0,-79.3
53785500,-1.37,-54.84,18.2,12.70,-93.6,95.4,-79.0
53787000,-1.36,-55.25,17.8,12.79,-92.9,94.6,-79.2
53788500,-1.32,-55.45,17.2,13.17,-92.6,94.2,-79.5
53790000,-1.39,-55.31,18.2,12.49,-92.6,94.4,-78.9
53791500,-1.33,-55.44,17.3,13.07,-92.6,94.2,-79.4
53793000,-1.40,-55.33,18.2,12.45,-92.6,94.4,-78.9
53794500,-1.33,-55.68,17.2,13.08,-92.2,93.8,-79.5
53796000,-1.45,-55.15,19.0,12.00,-92.7,94.6,-78.4
53797500,-1.33,-55.59,17.2,13.13,-92.4,94.0,-79.5
53799000,-1.45,-55.36,18.8,12.01,-92.3,94.2,-78.5
53800500,-1.32,-55.73,17.1,13.15,-92.1,93.7,-79.5
53802000,-1.48,-55.30,19.2,11.78,-92.3,94.3,-78.3
53803500,-1.33,-55.95,17.0,13.07,-91.7,93.2,-79.5
53805000,-1.47,-55.58,19.0,11.83,-91.8,93.8,-78.3
53806500,-1.34,-56.16,17.0,12.98,-91.3,92.8,-79.4
53808000,-1.50,-55.53,19.3,11.62,-91.8,93.8,-78.1
53809500,-1.37,-56.28,17.3,12.74,-91.0,92.6,-79.2
53811000,-1.46,-56.03,18.6,11.91,-91.1,92.9,-78.5
53812500,-1.40,-56.55,17.5,12.45,-90.3,92.0,-79.0
53814000,-1.51,-56.25,19.0,11.54,-90.5,92.4,-78.1
53815500,-1.44,-56.39,18.1,12.10,-90.5,92.3,-78.7
53817000,-1.46,-56.37,18.4,11.90,-90.4,92.3,-78.5
53818500,-1.47,-56.46,18.4,11.85,-90.2,92.1,-78.5
53820000,-1.49,-56.34,18.7,11.69,-90.4,92.3,-78.3
53821500,-1.49,-56.75,18.5,11.69,-89.6,91.5,-78.4
53823000,-1.45,-56.92,17.9,12.01,-89.5,91.3,-78.7
53824500,-1.52,-56.87,18.7,11.49,-89.3,91.3,-78.2
53826000,-1.46,-57.00,17.9,11.95,-89.3,91.1,-78.6
53827500,-1.52,-56.87,18.8,11.45,-89.3,91.3,-78.1
53829000,-1.45,-57.16,17.8,11.98,-89.1,90.8,-78.7
53830500,-1.58,-56.75,19.5,11.06,-89.3,91.4,-77.7
53832000,-1.45,-57.05,17.8,12.04,-89.3,91.0,-78.7
53833500,-1.57,-56.86,19.3,11.11,-89.1,91.2,-77.8
53835000,-1.43,-57.10,17.6,12.19,-89.2,91.0,-78.9
53836500,-1.59,-56.55,19.7,10.98,-89.6,91.8,-77.6
53838000,-1.42,-57.27,17.4,12.27,-89.0,90.7,-79.0
53839500,-1.59,-56.82,19.6,10.98,-89.1,91.3,-77.6
53841000,-1.44,-57.46,17.4,12.13,-88.6,90.3,-78.9
53842500,-1.61,-56.85,19.8,10.84,-89.0,91.2,-77.5
53844000,-1.46,-57.61,17.7,11.90,-88.2,90.0,-78.7
53845500,-1.56,-57.36,19.0,11.14,-88.3,90.3,-77.9
53847000,-1.47,-57.74,17.7,11.84,-88.0,89.7,-78.6
53848500,-1.60,-57.30,19.4,10.90,-88.3,90.4,-77.6
53850000,-1.51,-57.59,18.2,11.53,-88.1,90.0,-78.3
53851500,-1.57,-57.53,18.9,11.11,-88.0,90.0,-77.9
53853000,-1.54,-57.58,18.6,11.28,-88.0,89.9,-78.0
53854500,-1.60,-57.41,19.3,10.90,-88.1,90.2,-77.6
53856000,-1.56,-57.76,18.7,11.16,-87.6,89.6,-77.9
53857500,-1.54,-58.06,18.3,11.31,-87.2,89.1,-78.1
53859000,-1.60,-57.85,19.1,10.89,-87.3,89.4,-77.7
53860500,-1.54,-58.07,18.3,11.31,-87.2,89.1,-78.1
53862000,-1.59,-57.97,19.0,10.92,-87.1,89.2,-77.7
53863500,-1.55,-58.32,18.2,11.27,-86.7,88.6,-78.1
53865000,-1.67,-57.67,20.0,10.41,-87.3,89.6,-77.1
53866500,-1.53,-58.21,18.1,11.37,-87.0,88.8,-78.2
53868000,-1.67,-57.87,19.9,10.44,-87.0,89.2,-77.1
53869500,-1.53,-58.38,18.0,11.37,-86.7,88.5,-78.2
53871000,-1.70,-57.83,20.3,10.22,-86.9,89.3,-76.9
53872500,-1.54,-58.61,18.0,11.32,-86.3,88.1,-78.2
53874000,-1.71,-58.42,20.0,10.18,-85.9,88.2,-76.9
53875500,-1.57,-58.92,18.2,11.10,-85.6,87.5,-78.0
53877000,-1.75,-58.39,20.4,9.95,-85.8,88.2,-76.6
53878500,-1.60,-59.16,18.4,10.90,-85.1,87.1,-77.8
53880000,-1.70,-58.95,19.5,10.26,-85.1,87.3,-77.1
53881500,-1.61,-59.26,18.4,10.81,-84.9,86.9,-77.8
53883000,-1.74,-58.87,20.0,10.02,-85.1,87.4,-76.7
53884500,-1.65,-59.21,18.9,10.56,-84.8,86.9,-77.5
53886000,-1.71,-59.07,19.6,10.21,-84.9,87.1,-77.0
53887500,-1.68,-59.19,19.2,10.35,-84.8,86.9,-77.2
53889000,-1.74,-58.93,20.0,10.04,-85.0,87.3,-76.8
53890500,-1.70,-59.41,19.3,10.24,-84.3,86.5,-77.1
53892000,-1.68,-59.63,18.9,10.38,-84.1,86.2,-77.3
53893500,-1.74,-59.53,19.7,10.00,-84.0,86.3,-76.8
53895000,-1.68,-59.65,19.0,10.35,-84.0,86.1,-77.3
53896500,-1.71,-59.36,19.4,10.20,-84.4,86.6,-77.0
53898000,-1.67,-59.72,18.8,10.44,-84.0,86.0,-77.4
53899500,-1.78,-58.99,20.5,9.77,-84.7,87.1,-76.4
53901000,-1.65,-59.57,18.7,10.54,-84.3,86.3,-77.5
53902500,-1.79,-59.18,20.3,9.76,-84.4,86.8,-76.4
53904000,-1.66,-59.80,18.6,10.51,-83.9,85.9,-77.5
53905500,-1.82,-59.13,20.7,9.59,-84.3,86.8,-76.2
53907000,-1.65,-59.95,18.5,10.56,-83.7,85.7,-77.6
53908500,-1.83,-59.48,20.6,9.55,-83.7,86.2,-76.2
53910000,-1.67,-60.23,18.5,10.46,-83.2,85.2,-77.5
53911500,-1.85,-59.44,20.9,9.41,-83.7,86.3,-76.0
53913000,-1.68,-60.35,18.6,10.36,-82.9,85.0,-77.4
53914500,-1.81,-60.02,20.1,9.66,-83.0,85.4,-76.4
53916000,-1.70,-60.56,18.6,10.27,-82.5,84.6,-77.3
53917500,-1.83,-59.91,20.4,9.52,-83.0,85.5,-76.2
53919000,-1.74,-60.38,19.1,10.04,-82.7,84.8,-77.0
53920500,-1.83,-60.30,20.1,9.55,-82.5,84.9,-76.3
53922000,-1.78,-60.34,19.6,9.80,-82.6,84.9,-76.6
53923500,-1.83,-60.07,20.3,9.50,-82.8,85.2,-76.2
53925000,-1.79,-60.50,19.6,9.74,-82.3,84.6,-76.6
53926500,-1.79,-60.80,19.5,9.72,-81.8,84.1,-76.6
53928000,-1.83,-60.57,20.0,9.51,-82.0,84.4,-76.3
53929500,-1.79,-60.87,19.4,9.73,-81.7,84.0,-76.6
53931000,-1.82,-60.71,19.9,9.56,-81.8,84.2,-76.4
53932500,-1.80,-61.23,19.3,9.70,-81.1,83.4,-76.6
53934000,-1.91,-60.37,20.9,9.13,-82.0,84.6,-75.7
53935500,-1.81,-61.19,19.5,9.61,-81.1,83.4,-76.5
53937000,-1.93,-60.90,20.8,9.03,-81.1,83.8,-75.6
53938500,-1.80,-61.39,19.3,9.66,-80.9,83.1,-76.6
53940000,-1.99,-60.85,21.4,8.79,-81.0,83.8,-75.2
53941500,-1.80,-61.55,19.2,9.66,-80.6,82.9,-76.6
53943000,-1.98,-61.13,21.2,8.80,-80.6,83.3,-75.3
53944500,-1.81,-61.82,19.1,9.62,-80.2,82.4,-76.6
53946000,-2.02,-61.12,21.5,8.66,-80.5,83.3,-75.0
53947500,-1.84,-62.05,19.3,9.46,-79.7,82.0,-76.4
53949000,-1.96,-61.77,20.6,8.89,-79.7,82.3,-75.5
53950500,-1.85,-62.21,19.3,9.41,-79.5,81.8,-76.3
53952000,-2.00,-61.68,21.0,8.73,-79.7,82.4,-75.2
53953500,-1.89,-62.09,19.7,9.22,-79.5,81.9,-76.1
53955000,-1.98,-62.05,20.7,8.79,-79.2,81.9,-75.4
53956500,-1.94,-62.03,20.3,8.98,-79.4,82.0,-75.7
53958000,-1.98,-61.46,20.9,8.83,-80.1,82.8,-75.4
53959500,-1.92,-61.96,20.1,9.09,-79.6,82.1,-75.8
53961000,-1.92,-62.27,19.9,9.08,-79.1,81.6,-75.9
53962500,-1.95,-61.98,20.4,8.94,-79.4,82.0,-75.6
53964000,-1.92,-62.35,19.9,9.08,-79.0,81.5,-75.9
53965500,-1.94,-62.19,20.2,8.97,-79.2,81.7,-75.7
53967000,-1.93,-62.65,19.8,9.04,-78.6,81.0,-75.9
53968500,-2.06,-61.78,21.5,8.49,-79.3,82.2,-74.8
53970000,-1.91,-62.47,19.8,9.11,-78.9,81.3,-75.9
53971500,-2.04,-61.97,21.3,8.55,-79.1,81.9,-75.0
53973000,-1.92,-62.70,19.7,9.09,-78.5,80.9,-75.9
53974500,-2.09,-61.89,21.8,8.34,-79.0,82.0,-74.6
53976000,-1.91,-62.86,19.5,9.12,-78.3,80.7,-76.0
53977500,-2.11,-62.32,21.7,8.29,-78.4,81.3,-74.6
53979000,-1.91,-63.10,19.4,9.13,-78.0,80.3,-76.0
53980500,-2.13,-62.17,22.0,8.20,-78.5,81.5,-74.4
53982000,-1.93,-63.33,19.4,9.04,-77.6,80.0,-75.9
53983500,-2.07,-62.88,21.0,8.44,-77.7,80.5,-74.9
53985000,-1.94,-63.44,19.5,8.97,-77.4,79.8,-75.8
53986500,-2.12,-62.76,21.5,8.25,-77.7,80.6,-74.5
53988000,-1.97,-63.40,19.8,8.86,-77.3,79.8,-75.7
53989500,-2.12,-63.32,21.2,8.24,-76.9,79.8,-74.6
53991000,-2.04,-63.21,20.5,8.55,-77.4,80.0,-75.1
53992500,-2.12,-62.95,21.4,8.23,-77.4,80.3,-74.5
53994000,-2.05,-63.41,20.6,8.50,-77.0,79.7,-75.1
53995500,-2.07,-63.62,20.6,8.42,-76.7,79.4,-75.0
53997000,-2.13,-63.72,21.1,8.21,-76.3,79.2,-74.6
53998500,-2.09,-64.06,20.5,8.35,-76.0,78.7,-74.9
54000000,-2.13,-63.99,21.0,8.19,-75.9,78.8,-74.6
54001500,-2.10,-64.42,20.4,8.33,-75.5,78.2,-74.9
54003000,-2.23,-63.62,22.1,7.83,-76.1,79.2,-73.8
54004500,-2.10,-64.16,20.5,8.32,-75.8,78.6,-74.8
54006000,-2.23,-63.75,22.0,7.84,-75.9,79.0,-73.9
54007500,-2.08,-64.42,20.3,8.39,-75.5,78.2,-75.0
54009000,-2.28,-63.75,22.4,7.67,-75.7,79.0,-73.5
54010500,-2.10,-64.55,20.3,8.33,-75.3,78.0,-74.9
54012000,-2.28,-64.07,22.3,7.65,-75.3,78.5,-73.5
54013500,-2.09,-64.86,20.1,8.35,-74.9,77.6,-75.0
54015000,-2.32,-64.01,22.6,7.53,-75.2,78.5,-73.3
54016500,-2.11,-65.12,20.2,8.26,-74.5,77.2,-74.8
54018000,-2.27,-64.76,21.7,7.70,-74.4,77.5,-73.7
54019500,-2.08,-64.98,19.9,8.41,-74.8,77.4,-75.1
54021000,-2.26,-64.27,21.9,7.74,-75.1,78.2,-73.7
54022500,-2.10,-65.03,20.1,8.31,-74.6,77.3,-74.9
54024000,-2.29,-64.86,21.8,7.65,-74.2,77.3,-73.6
54025500,-2.19,-64.73,21.0,7.99,-74.7,77.6,-74.3
54027000,-2.27,-64.46,21.9,7.68,-74.8,77.9,-73.6
54028500,-2.19,-64.91,21.0,7.97,-74.5,77.4,-74.3
54030000,-2.23,-65.21,21.2,7.82,-73.9,76.9,-74.0
54031500,-2.23,-64.91,21.3,7.82,-74.3,77.3,-74.0
54033000,-2.21,-65.38,20.9,7.89,-73.8,76.7,-74.2
54034500,-2.23,-65.13,21.2,7.84,-74.1,77.0,-74.0
54036000,-2.22,-65.80,20.7,7.87,-73.2,76.1,-74.2
54037500,-2.33,-64.71,22.3,7.51,-74.3,77.5,-73.3
54039000,-2.22,-65.65,20.8,7.86,-73.4,76.3,-74.2
54040500,-2.33,-64.87,22.2,7.49,-74.0,77.3,-73.3
54042000,-2.20,-65.79,20.6,7.93,-73.3,76.1,-74.3
54043500,-2.38,-64.77,22.7,7.33,-73.9,77.4,-72.9
54045000,-2.22,-65.93,20.6,7.88,-73.1,75.9,-74.2
54046500,-2.40,-65.34,22.6,7.27,-73.1,76.5,-72.9
54048000,-2.19,-66.25,20.2,7.98,-72.7,75.5,-74.4
54049500,-2.45,-65.11,23.0,7.15,-73.3,76.8,-72.5
54051000,-2.22,-66.52,20.4,7.85,-72.3,75.1,-74.2
54052500,-2.38,-65.89,22.0,7.35,-72.5,75.8,-73.1
54054000,-2.21,-66.57,20.3,7.90,-72.3,75.0,-74.3
54055500,-2.42,-65.79,22.4,7.24,-72.5,75.9,-72.8
54057000,-2.25,-66.64,20.5,7.77,-72.0,74.9,-74.1
54058500,-2.47,-66.74,22.4,7.07,-71.1,74.5,-72.5
54060000,-2.39,-66.61,21.7,7.32,-71.6,74.8,-73.1
54061500,-2.48,-66.26,22.6,7.06,-71.7,75.2,-72.5
54063000,-2.39,-66.72,21.7,7.31,-71.4,74.7,-73.1
54064500,-2.43,-67.02,21.8,7.19,-70.9,74.2,-72.9
54066000,-2.44,-66.82,22.0,7.17,-71.1,74.5,-72.8
54067500,-2.42,-67.12,21.7,7.21,-70.8,74.1,-72.9
54069000,-2.43,-67.07,21.8,7.19,-70.9,74.1,-72.9
54070500,-2.40,-67.62,21.3,7.27,-70.3,73.4,-73.1
54072000,-2.53,-66.73,22.8,6.92,-70.9,74.5,-72.2
54073500,-2.42,-67.54,21.5,7.23,-70.3,73.5,-73.0
54075000,-2.54,-66.79,22.9,6.88,-70.8,74.4,-72.1
54076500,-2.40,-67.60,21.3,7.28,-70.3,73.5,-73.2
54078000,-2.62,-66.72,23.5,6.69,-70.6,74.4,-71.6
54079500,-2.42,-67.71,21.4,7.22,-70.1,73.3,-73.0
54081000,-2.57,-66.87,23.0,6.81,-70.6,74.3,-71.9
54082500,-2.35,-67.90,20.8,7.43,-70.1,73.1,-73.5
54084000,-2.62,-66.68,23.6,6.68,-70.6,74.5,-71.6
54085500,-2.38,-68.20,20.8,7.34,-69.7,72.7,-73.4
54087000,-2.55,-67.52,22.6,6.85,-69.9,73.4,-72.1
54088500,-2.38,-68.22,20.8,7.35,-69.7,72.7,-73.4
54090000,-2.58,-67.34,22.9,6.78,-70.0,73.6,-71.9
54091500,-2.40,-68.30,20.9,7.30,-69.5,72.6,-73.3
54093000,-2.61,-68.06,22.7,6.71,-69.0,72.7,-71.8
54094500,-2.51,-67.93,22.0,6.98,-69.6,72.9,-72.5
54096000,-2.61,-67.61,22.9,6.71,-69.6,73.3,-71.8
54097500,-2.50,-68.12,21.8,7.00,-69.4,72.7,-72.6
54099000,-2.57,-68.40,22.2,6.81,-68.8,72.3,-72.1
54100500,-2.54,-68.04,22.2,6.88,-69.3,72.8,-72.2
54102000,-2.54,-68.52,21.9,6.87,-68.7,72.1,-72.3
54103500,-2.53,-68.37,21.9,6.90,-68.9,72.3,-72.3
54105000,-2.55,-69.09,21.7,6.87,-68.1,71.4,-72.3
54106500,-2.63,-67.98,22.9,6.65,-69.0,72.7,-71.6
54108000,-2.55,-68.98,21.7,6.86,-68.2,71.5,-72.3
54109500,-2.66,-68.02,23.1,6.59,-68.9,72.7,-71.5
54111000,-2.53,-69.12,21.5,6.92,-68.1,71.4,-72.5
54112500,-2.72,-67.87,23.7,6.43,-68.8,72.8,-71.0
54114000,-2.56,-69.14,21.7,6.84,-68.0,71.3,-72.3
54115500,-2.76,-68.52,23.6,6.35,-68.0,71.9,-70.9
54117000,-2.52,-69.63,21.2,6.93,-67.5,70.8,-72.6
54118500,-2.80,-68.31,24.0,6.26,-68.0,72.2,-70.6
54120000,-2.58,-70.07,21.4,6.78,-66.8,70.2,-72.2
54121500,-2.78,-69.55,23.2,6.30,-66.7,70.6,-70.8
54123000,-2.59,-70.20,21.4,6.75,-66.6,70.0,-72.2
54124500,-2.83,-69.32,23.7,6.20,-66.8,70.9,-70.5
54126000,-2.62,-70.28,21.6,6.68,-66.4,69.9,-72.0
54127500,-2.84,-70.01,23.3,6.18,-66.0,70.0,-70.5
54129000,-2.73,-69.82,22.7,6.41,-66.6,70.3,-71.2
54130500,-2.85,-69.51,23.7,6.15,-66.5,70.6,-70.4
54132000,-2.75,-70.09,22.6,6.38,-66.2,70.0,-71.1
54133500,-2.83,-70.23,23.2,6.20,-65.8,69.7,-70.6
54135000,-2.78,-70.06,22.9,6.29,-66.1,70.0,-70.9
54136500,-2.81,-70.31,23.0,6.23,-65.8,69.7,-70.7
54138000,-2.78,-70.28,22.8,6.31,-65.9,69.7,-70.9
54139500,-2.77,-71.07,22.3,6.32,-65.1,68.8,-71.1
54141000,-2.86,-70.06,23.5,6.13,-65.9,69.9,-70.4
54142500,-2.73,-70.67,22.3,6.40,-65.6,69.3,-71.3
54144000,-2.84,-69.59,23.6,6.17,-66.4,70.5,-70.4
54145500,-2.71,-70.83,22.0,6.47,-65.5,69.1,-71.5
54147000,-2.90,-69.42,24.1,6.05,-66.4,70.7,-70.0
54148500,-2.75,-70.91,22.2,6.38,-65.3,69.0,-71.2
54150000,-2.93,-70.18,24.0,5.98,-65.5,69.7,-69.9
54151500,-2.70,-71.46,21.6,6.48,-64.9,68.4,-71.6
54153000,-2.98,-69.91,24.5,5.88,-65.6,70.0,-69.5
54154500,-2.72,-71.60,21.7,6.43,-64.6,68.2,-71.4
54156000,-2.93,-70.84,23.5,5.99,-64.8,68.9,-70.0
54157500,-2.71,-71.60,21.6,6.47,-64.7,68.2,-71.5
54159000,-2.95,-70.58,23.9,5.94,-65.0,69.2,-69.8
54160500,-2.73,-71.75,21.7,6.41,-64.4,68.0,-71.4
54162000,-2.98,-71.40,23.6,5.89,-64.0,68.2,-69.7
54163500,-2.85,-71.31,22.8,6.15,-64.5,68.4,-70.6
54165000,-3.01,-70.94,24.1,5.84,-64.4,68.7,-69.5
54166500,-2.86,-71.55,22.7,6.12,-64.2,68.1,-70.5
54168000,-2.98,-71.72,23.4,5.89,-63.7,67.8,-69.8
54169500,-2.90,-71.38,23.1,6.05,-64.3,68.3,-70.3
54171000,-2.97,-71.69,23.4,5.90,-63.7,67.9,-69.8
54172500,-2.90,-71.60,22.9,6.05,-64.1,68.1,-70.3
54174000,-2.90,-72.61,22.5,6.04,-63.0,66.9,-70.4
54175500,-2.95,-71.38,23.4,5.95,-64.1,68.3,-70.0
54177000,-2.92,-72.43,22.7,6.00,-63.1,67.1,-70.2
54178500,-3.02,-71.40,23.9,5.81,-63.9,68.2,-69.5
54180000,-2.91,-72.61,22.5,6.02,-63.0,66.9,-70.3
54181500,-3.18,-71.58,24.9,5.53,-63.1,67.8,-68.5
54183000,-2.98,-72.91,22.8,5.89,-62.4,66.5,-69.9
54184500,-3.19,-72.43,24.5,5.51,-62.2,66.9,-68.5
54186000,-2.94,-73.39,22.4,5.96,-62.1,66.0,-70.2
54187500,-3.25,-72.00,25.1,5.41,-62.4,67.3,-68.1
54189000,-2.97,-73.61,22.4,5.91,-61.8,65.7,-70.0
54190500,-3.17,-73.00,24.1,5.54,-61.7,66.2,-68.7
54192000,-2.97,-73.71,22.4,5.91,-61.7,65.6,-70.0
54193500,-3.23,-72.67,24.7,5.44,-61.8,66.6,-68.3
54195000,-2.99,-73.86,22.4,5.87,-61.4,65.4,-69.9
54196500,-3.23,-73.56,24.2,5.43,-60.9,65.6,-68.3
54198000,-3.11,-73.42,23.4,5.65,-61.5,65.8,-69.1
54199500,-3.26,-72.96,24.7,5.39,-61.4,66.2,-68.1
54201000,-3.13,-73.55,23.5,5.61,-61.3,65.6,-69.0
54202500,-3.27,-73.71,24.3,5.38,-60.7,65.4,-68.2
54204000,-3.12,-73.27,23.6,5.63,-61.6,66.0,-69.0
54205500,-3.21,-73.45,24.1,5.47,-61.1,65.7,-68.5
54207000,-3.08,-73.25,23.4,5.69,-61.7,66.0,-69.3
54208500,-3.12,-74.49,23.0,5.62,-60.4,64.6,-69.1
54210000,-3.14,-73.14,23.8,5.59,-61.7,66.1,-68.9
54211500,-3.13,-74.32,23.2,5.61,-60.5,64.8,-69.1
54213000,-3.24,-73.01,24.5,5.43,-61.5,66.2,-68.3
54214500,-3.13,-74.46,23.1,5.61,-60.4,64.7,-69.1
54216000,-3.31,-72.69,25.2,5.30,-61.5,66.5,-67.7
54217500,-3.16,-74.50,23.2,5.56,-60.3,64.6,-68.9
54219000,-3.34,-73.67,24.9,5.26,-60.4,65.4,-67.6
54220500,-3.10,-75.12,22.6,5.67,-59.9,64.0,-69.4
54222000,-3.40,-73.34,25.4,5.17,-60.6,65.7,-67.2
54223500,-3.11,-75.34,22.6,5.64,-59.6,63.7,-69.3
54225000,-3.34,-74.19,24.6,5.26,-59.9,64.8,-67.7
54226500,-3.10,-75.25,22.5,5.67,-59.7,63.8,-69.4
54228000,-3.38,-74.04,24.9,5.20,-60.0,64.9,-67.5
54229500,-3.11,-75.39,22.5,5.64,-59.5,63.7,-69.3
54231000,-3.39,-74.82,24.5,5.19,-59.2,64.1,-67.5
54232500,-3.24,-74.98,23.5,5.43,-59.5,64.0,-68.5
54234000,-3.43,-74.49,25.0,5.13,-59.4,64.4,-67.2
54235500,-3.28,-75.08,23.7,5.36,-59.3,63.9,-68.2
54237000,-3.44,-75.33,24.6,5.11,-58.5,63.5,-67.2
54238500,-3.32,-75.01,24.0,5.29,-59.2,63.9,-67.9
54240000,-3.45,-75.16,24.8,5.10,-58.7,63.7,-67.1
54241500,-3.30,-75.17,23.8,5.34,-59.2,63.8,-68.1
54243000,-3.38,-76.63,23.6,5.21,-57.5,62.2,-67.7
54244500,-3.43,-75.34,24.6,5.12,-58.6,63.5,-67.2
54246000,-3.42,-76.49,23.9,5.15,-57.6,62.3,-67.5
54247500,-3.54,-75.21,25.3,4.98,-58.3,63.6,-66.6
54249000,-3.40,-76.63,23.7,5.17,-57.5,62.2,-67.6
54250500,-3.62,-74.86,25.9,4.87,-58.4,63.9,-66.1
54252000,-3.44,-76.60,24.0,5.12,-57.4,62.2,-67.3
54253500,-3.66,-75.80,25.7,4.82,-57.4,62.9,-65.9
54255000,-3.40,-77.18,23.4,5.18,-57.0,61.6,-67.6
54256500,-3.72,-75.51,26.2,4.75,-57.4,63.1,-65.5
54258000,-3.39,-77.52,23.2,5.19,-56.7,61.3,-67.7
54259500,-3.67,-76.41,25.4,4.80,-56.8,62.2,-65.9
54261000,-3.38,-77.39,23.3,5.20,-56.8,61.4,-67.8
54262500,-3.70,-76.20,25.7,4.77,-56.9,62.4,-65.7
54264000,-3.40,-77.56,23.3,5.18,-56.6,61.2,-67.7
54265500,-3.66,-76.83,25.2,4.82,-56.5,61.8,-66.0
54267000,-3.44,-76.90,23.8,5.12,-57.1,61.9,-67.4
54268500,-3.65,-76.21,25.4,4.83,-57.0,62.4,-66.0
54270000,-3.50,-77.04,24.1,5.03,-56.8,61.7,-67.0
54271500,-3.69,-77.30,25.1,4.78,-56.0,61.3,-65.9
54273000,-3.54,-76.91,24.4,4.98,-56.8,61.8,-66.7
54274500,-3.71,-77.07,25.4,4.75,-56.1,61.5,-65.7
54276000,-3.52,-76.93,24.3,5.01,-56.8,61.8,-66.9
54277500,-3.57,-78.31,23.9,4.93,-55.4,60.4,-66.6
54279000,-3.55,-76.64,24.6,4.96,-57.0,62.1,-66.6
54280500,-3.58,-78.18,24.0,4.92,-55.5,60.5,-66.6
54282000,-3.69,-76.59,25.4,4.78,-56.6,62.0,-65.8
54283500,-3.58,-78.37,23.9,4.93,-55.4,60.3,-66.6
54285000,-3.76,-76.20,26.1,4.69,-56.7,62.4,-65.3
54286500,-3.62,-78.48,24.1,4.87,-55.2,60.2,-66.4
54288000,-3.81,-77.35,25.8,4.63,-55.5,61.2,-65.1
54289500,-3.57,-78.92,23.7,4.93,-54.9,59.8,-66.7
54291000,-3.86,-76.86,26.3,4.58,-55.8,61.7,-64.8
54292500,-3.56,-79.31,23.4,4.95,-54.6,59.4,-66.8
54294000,-3.83,-77.93,25.6,4.60,-54.9,60.6,-65.0
54295500,-3.54,-79.11,23.4,4.98,-54.9,59.6,-66.9
54297000,-3.87,-77.55,26.0,4.56,-55.2,61.0,-64.8
54298500,-3.55,-79.23,23.4,4.95,-54.7,59.5,-66.8
54300000,-3.85,-78.44,25.4,4.59,-54.5,60.1,-65.0
54301500,-3.64,-78.96,24.0,4.84,-54.7,59.7,-66.3
54303000,-3.90,-78.04,25.9,4.53,-54.6,60.5,-64.6
54304500,-3.78,-79.21,24.7,4.67,-54.0,59.4,-65.4
54306000,-4.01,-79.46,25.8,4.41,-53.1,59.1,-64.1
54307500,-3.88,-79.20,25.2,4.55,-53.7,59.4,-64.8
54309000,-4.04,-79.26,26.1,4.38,-53.2,59.2,-63.9
54310500,-3.86,-79.20,25.1,4.58,-53.8,59.4,-65.0
54312000,-3.88,-80.59,24.6,4.55,-52.6,58.1,-64.9
54313500,-3.91,-78.98,25.5,4.52,-53.8,59.6,-64.7
54315000,-3.89,-80.50,24.7,4.54,-52.6,58.1,-64.9
54316500,-4.03,-78.87,26.2,4.39,-53.5,59.6,-63.9
54318000,-3.90,-80.67,24.7,4.53,-52.5,58.0,-64.8
54319500,-4.12,-78.59,26.9,4.29,-53.5,59.8,-63.3
54321000,-3.94,-80.73,24.9,4.49,-52.3,57.9,-64.6
54322500,-4.15,-79.54,26.5,4.27,-52.6,58.9,-63.2
54324000,-3.91,-81.12,24.5,4.52,-52.1,57.6,-64.8
54325500,-4.22,-79.21,27.1,4.20,-52.6,59.2,-62.8
54327000,-3.84,-81.53,24.0,4.60,-51.9,57.2,-65.2
54328500,-4.11,-79.80,26.2,4.31,-52.5,58.7,-63.5
54330000,-3.79,-81.21,23.8,4.66,-52.4,57.5,-65.5
54331500,-4.14,-79.41,26.5,4.28,-52.7,59.0,-63.3
54333000,-3.81,-81.28,23.9,4.63,-52.2,57.5,-65.4
54334500,-4.11,-80.38,25.9,4.31,-52.1,58.2,-63.5
54336000,-3.87,-81.00,24.4,4.57,-52.3,57.7,-65.0
54337500,-4.15,-79.93,26.3,4.27,-52.3,58.6,-63.3
54339000,-3.98,-80.95,25.0,4.44,-52.0,57.7,-64.3
54340500,-4.21,-81.34,26.0,4.21,-51.0,57.2,-63.0
54342000,-4.03,-80.83,25.3,4.38,-51.9,57.8,-64.0
54343500,-4.25,-81.09,26.3,4.17,-51.1,57.5,-62.7
54345000,-4.00,-80.76,25.2,4.42,-52.1,57.9,-64.2
54346500,-4.07,-82.53,24.8,4.34,-50.5,56.2,-63.9
54348000,-4.01,-80.35,25.4,4.40,-52.4,58.2,-64.1
54349500,-4.09,-82.25,25.0,4.32,-50.6,56.5,-63.7
54351000,-4.17,-80.38,26.3,4.24,-51.9,58.1,-63.2
54352500,-4.09,-82.72,24.8,4.32,-50.3,56.1,-63.8
54354000,-4.26,-79.90,26.9,4.16,-52.0,58.5,-62.6
54355500,-4.14,-82.69,25.0,4.28,-50.2,56.1,-63.5
54357000,-4.29,-80.92,26.6,4.13,-51.1,57.6,-62.5
54358500,-4.12,-83.05,24.8,4.29,-50.0,55.8,-63.6
54360000,-4.38,-80.62,27.2,4.05,-51.0,57.8,-62.0
54361500,-4.06,-83.56,24.3,4.35,-49.7,55.3,-64.0
54363000,-4.39,-81.84,26.6,4.04,-50.1,56.7,-62.0
54364500,-4.06,-83.34,24.3,4.36,-49.9,55.5,-64.0
54366000,-4.47,-81.52,27.2,3.97,-50.1,57.0,-61.5
54367500,-4.15,-83.59,24.7,4.26,-49.4,55.3,-63.4
54369000,-4.48,-82.83,26.7,3.96,-49.1,55.8,-61.5
54370500,-4.22,-83.36,25.1,4.20,-49.4,55.5,-63.1
54372000,-4.54,-82.34,27.2,3.92,-49.2,56.2,-61.1
54373500,-4.36,-83.37,25.8,4.07,-49.0,55.4,-62.2
54375000,-4.58,-83.76,26.7,3.88,-48.1,55.0,-60.9
54376500,-4.43,-83.24,26.2,4.00,-48.9,55.5,-61.8
54378000,-4.64,-83.46,27.1,3.83,-48.1,55.2,-60.6
54379500,-4.39,-83.22,26.1,4.04,-49.0,55.5,-62.0
54381000,-4.45,-84.83,25.6,3.99,-47.7,54.1,-61.7
54382500,-4.42,-82.75,26.4,4.01,-49.3,55.9,-61.8
54384000,-4.46,-84.63,25.8,3.98,-47.8,54.3,-61.7
54385500,-4.55,-82.89,26.9,3.91,-48.8,55.8,-61.1
54387000,-4.48,-85.05,25.7,3.97,-47.5,54.0,-61.6
54388500,-4.62,-82.03,27.7,3.85,-49.2,56.5,-60.6
54390000,-4.43,-84.91,25.5,4.01,-47.7,54.1,-61.9
54391500,-4.57,-82.87,27.0,3.89,-48.8,55.8,-61.0
54393000,-4.42,-85.25,25.3,4.02,-47.5,53.8,-62.0
54394500,-4.65,-82.55,27.6,3.82,-48.7,56.0,-60.5
54396000,-4.34,-85.83,24.7,4.09,-47.3,53.3,-62.4
54397500,-4.67,-83.94,27.1,3.81,-47.7,54.8,-60.4
54399000,-4.33,-85.67,24.7,4.10,-47.4,53.5,-62.5
54400500,-4.71,-83.35,27.5,3.78,-48.0,55.3,-60.2
54402000,-4.33,-85.40,24.8,4.10,-47.6,53.7,-62.5
54403500,-4.68,-84.45,26.9,3.80,-47.3,54.4,-60.4
54405000,-4.36,-85.24,25.0,4.07,-47.6,53.8,-62.3
54406500,-4.72,-83.90,27.3,3.77,-47.6,54.8,-60.2
54408000,-4.53,-85.23,25.8,3.92,-47.2,53.8,-61.3
54409500,-4.79,-85.77,26.8,3.72,-46.1,53.3,-59.8
54411000,-4.59,-84.99,26.2,3.87,-47.2,54.0,-60.9
54412500,-4.85,-85.45,27.2,3.68,-46.1,53.5,-59.5
54414000,-4.55,-84.79,26.1,3.90,-47.4,54.1,-61.1
54415500,-4.67,-86.82,25.8,3.81,-45.7,52.5,-60.6
54417000,-4.57,-84.21,26.5,3.89,-47.8,54.6,-61.0
54418500,-4.66,-86.61,25.8,3.82,-45.9,52.6,-60.6
54420000,-4.70,-84.45,27.0,3.78,-47.2,54.4,-60.3
54421500,-4.69,-87.25,25.7,3.80,-45.4,52.1,-60.5
54423000,-4.82,-83.86,27.8,3.70,-47.3,54.9,-59.6
54424500,-4.73,-87.21,25.9,3.77,-45.3,52.2,-60.2
54426000,-4.84,-84.84,27.4,3.68,-46.6,54.0,-59.5
54427500,-4.78,-87.53,26.0,3.73,-44.9,51.9,-59.9
54429000,-5.08,-84.89,28.5,3.51,-45.8,53.9,-58.1
54430500,-4.73,-88.22,25.5,3.77,-44.6,51.4,-60.2
54432000,-5.12,-86.40,28.0,3.49,-44.7,52.7,-58.0
54433500,-4.74,-88.24,25.5,3.76,-44.5,51.3,-60.2
54435000,-5.17,-85.87,28.4,3.46,-44.9,53.1,-57.7
54436500,-4.72,-87.92,25.6,3.77,-44.8,51.6,-60.3
54438000,-5.11,-86.99,27.7,3.50,-44.4,52.3,-58.1
54439500,-4.77,-87.74,25.9,3.74,-44.8,51.7,-60.0
54441000,-5.16,-86.41,28.1,3.47,-44.6,52.7,-57.8
54442500,-4.96,-87.67,26.7,3.60,-44.3,51.8,-58.9
54444000,-5.23,-88.26,27.6,3.42,-43.2,51.3,-57.4
54445500,-5.01,-87.45,27.0,3.57,-44.4,51.9,-58.6
54447000,-5.28,-88.00,28.0,3.39,-43.2,51.5,-57.1
54448500,-4.99,-87.36,27.0,3.58,-44.4,52.0,-58.7
54450000,-5.08,-89.12,26.7,3.52,-43.1,50.7,-58.2
54451500,-4.87,-86.25,26.9,3.66,-45.5,52.9,-59.4
54453000,-4.98,-88.94,26.3,3.58,-43.5,50.8,-58.8
54454500,-4.99,-86.53,27.4,3.57,-45.0,52.7,-58.7
54456000,-5.02,-89.50,26.2,3.56,-43.0,50.4,-58.6
54457500,-5.13,-85.75,28.3,3.49,-45.1,53.2,-57.9
54459000,-5.04,-89.65,26.3,3.54,-42.8,50.3,-58.5
54460500,-5.16,-86.80,28.0,3.46,-44.3,52.4,-57.7
54462000,-5.06,-89.82,26.3,3.53,-42.7,50.1,-58.4
54463500,-5.25,-86.37,28.5,3.41,-44.4,52.7,-57.2
54465000,-4.94,-90.47,25.5,3.61,-42.6,49.6,-59.0
54466500,-5.29,-88.19,27.9,3.39,-43.1,51.3,-57.1
54468000,-4.96,-90.59,25.6,3.59,-42.4,49.6,-58.9
54469500,-5.35,-87.51,28.5,3.35,-43.3,51.8,-56.7
54471000,-4.93,-89.82,25.7,3.62,-43.0,50.1,-59.1
54472500,-5.32,-88.88,27.7,3.37,-42.6,50.8,-56.9
54474000,-4.95,-89.69,25.9,3.60,-43.0,50.2,-59.0
54475500,-5.35,-88.21,28.2,3.35,-42.9,51.3,-56.7
54477000,-5.15,-89.70,26.7,3.47,-42.5,50.2,-57.8
54478500,-5.46,-90.52,27.7,3.28,-41.2,49.6,-56.1
54480000,-5.22,-89.49,27.1,3.43,-42.5,50.4,-57.5
54481500,-5.50,-90.11,28.0,3.26,-41.4,49.9,-55.9
54483000,-5.20,-89.31,27.1,3.44,-42.6,50.5,-57.6
54484500,-5.37,-91.40,26.9,3.34,-40.9,49.0,-56.7
54486000,-5.19,-88.23,27.5,3.45,-43.3,51.3,-57.6
54487500,-5.30,-91.37,26.7,3.38,-41.1,49.0,-57.0
54489000,-5.35,-89.01,27.8,3.35,-42.4,50.7,-56.7
54490500,-5.46,-92.21,27.0,3.28,-40.2,48.4,-56.1
54492000,-5.63,-88.38,29.2,3.19,-42.0,51.2,-55.2
54493500,-5.49,-92.17,27.1,3.27,-40.2,48.5,-56.0
54495000,-5.65,-89.32,28.9,3.18,-41.4,50.5,-55.1
54496500,-5.52,-92.48,27.1,3.25,-39.9,48.2,-55.8
54498000,-5.77,-88.84,29.6,3.12,-41.4,50.8,-54.5
54499500,-5.39,-93.07,26.4,3.33,-39.9,47.8,-56.5
54501000,-5.81,-90.87,28.9,3.10,-40.1,49.4,-54.2
54502500,-5.41,-93.30,26.4,3.31,-39.7,47.7,-56.4
54504000,-5.86,-90.15,29.4,3.07,-40.3,49.9,-54.0
54505500,-5.38,-92.55,26.6,3.33,-40.2,48.2,-56.5
54507000,-5.81,-91.40,28.6,3.10,-39.8,49.0,-54.3
54508500,-5.40,-92.32,26.7,3.32,-40.3,48.3,-56.5
54510000,-5.86,-90.78,29.1,3.08,-40.0,49.5,-54.0
54511500,-5.62,-91.90,27.7,3.20,-40.0,48.7,-55.3
54513000,-5.81,-92.98,28.0,3.10,-38.9,47.9,-54.2
54514500,-5.54,-91.81,27.5,3.24,-40.2,48.7,-55.7
54516000,-5.86,-92.68,28.3,3.08,-38.9,48.1,-54.0
54517500,-5.53,-91.60,27.5,3.24,-40.4,48.9,-55.7
54519000,-5.75,-93.87,27.5,3.13,-38.5,47.3,-54.5
54520500,-5.54,-90.37,28.0,3.24,-41.1,49.7,-55.7
54522000,-5.66,-93.82,27.1,3.18,-38.8,47.3,-55.0
54523500,-5.62,-91.06,28.1,3.20,-40.5,49.2,-55.2
54525000,-5.70,-94.48,27.1,3.15,-38.3,46.9,-54.7
54526500,-5.80,-90.06,29.2,3.10,-40.6,50.0,-54.3
54528000,-5.75,-94.75,27.1,3.13,-38.0,46.7,-54.5
54529500,-5.84,-91.05,28.9,3.09,-39.9,49.3,-54.1
54531000,-5.78,-95.01,27.2,3.12,-37.8,46.6,-54.3
54532500,-5.92,-90.46,29.4,3.05,-40.0,49.7,-53.7
54534000,-5.65,-95.63,26.5,3.18,-37.8,46.1,-55.0
54535500,-5.98,-92.95,28.7,3.02,-38.5,48.0,-53.3
54537000,-5.66,-95.90,26.4,3.18,-37.6,45.9,-54.9
54538500,-6.06,-92.11,29.3,2.98,-38.7,48.6,-52.9
54540000,-5.63,-94.88,26.7,3.19,-38.2,46.6,-55.1
54541500,-6.04,-93.47,28.7,2.99,-38.0,47.6,-53.0
54543000,-5.63,-94.40,26.8,3.19,-38.5,46.9,-55.1
54544500,-6.06,-92.59,29.1,2.98,-38.5,48.2,-52.9
54546000,-5.85,-94.56,27.6,3.08,-37.9,46.9,-53.9
54547500,-6.20,-95.55,28.5,2.92,-36.5,46.3,-52.1
54549000,-5.92,-94.18,28.0,3.05,-37.9,47.1,-53.6
54550500,-6.25,-95.42,28.7,2.90,-36.5,46.4,-51.8
54552000,-6.07,-94.50,28.4,2.98,-37.4,47.0,-52.8
54553500,-6.29,-96.63,28.4,2.88,-35.7,45.7,-51.5
54555000,-6.09,-93.12,29.0,2.97,-38.1,47.9,-52.7
54556500,-6.17,-96.54,28.0,2.93,-36.1,45.7,-52.2
54558000,-6.15,-93.68,29.0,2.94,-37.6,47.5,-52.4
54559500,-6.20,-97.35,27.8,2.92,-35.6,45.2,-51.9
54561000,-6.37,-92.74,30.1,2.85,-37.6,48.2,-51.3
54562500,-6.27,-97.52,28.0,2.89,-35.3,45.1,-51.6
54564000,-6.40,-93.60,29.9,2.84,-37.1,47.6,-51.1
54565500,-6.31,-97.71,28.1,2.87,-35.1,45.0,-51.4
54567000,-6.50,-93.07,30.4,2.80,-37.1,48.0,-50.6
54568500,-6.16,-98.31,27.4,2.94,-35.2,44.6,-52.1
54570000,-6.57,-95.67,29.7,2.77,-35.6,46.3,-50.1
54571500,-6.16,-98.58,27.3,2.94,-35.0,44.4,-52.1
54573000,-6.64,-94.69,30.3,2.74,-35.9,47.0,-49.9
54574500,-6.00,-97.39,27.1,3.01,-36.0,45.1,-53.0
54576000,-6.44,-95.88,29.2,2.82,-35.8,46.2,-50.8
54577500,-6.01,-96.94,27.3,3.01,-36.2,45.4,-53.0
54579000,-6.46,-95.01,29.6,2.81,-36.2,46.7,-50.7
54580500,-6.21,-97.15,28.0,2.91,-35.7,45.3,-51.9
54582000,-6.59,-98.30,28.8,2.76,-34.2,44.7,-49.9
54583500,-6.28,-96.70,28.4,2.88,-35.7,45.6,-51.6
54585000,-6.63,-98.07,29.0,2.75,-34.2,44.9,-49.7
54586500,-6.31,-96.89,28.4,2.87,-35.6,45.5,-51.4
54588000,-6.59,-99.14,28.5,2.76,-33.8,44.2,-49.8
54589500,-6.31,-95.00,29.1,2.87,-36.5,46.7,-51.5
54591000,-6.40,-99.04,28.0,2.83,-34.3,44.2,-50.8
54592500,-6.36,-95.64,29.0,2.85,-36.1,46.3,-51.2
54594000,-6.49,-99.90,28.0,2.80,-33.6,43.7,-50.3
54595500,-6.56,-94.63,30.0,2.77,-36.1,47.0,-50.3
54597000,-6.53,-100.43,27.9,2.78,-33.3,43.4,-50.0
54598500,-6.61,-95.70,29.8,2.76,-35.5,46.3,-50.0
54600000,-6.58,-100.54,28.1,2.76,-33.1,43.4,-49.7
54601500,-6.68,-94.90,30.3,2.73,-35.7,46.8,-49.6
54603000,-6.44,-101.16,27.4,2.82,-33.1,43.0,-50.4
54604500,-6.75,-97.94,29.5,2.70,-34.0,45.0,-49.1
54606000,-6.43,-101.53,27.2,2.83,-33.0,42.8,-50.4
54607500,-6.83,-96.99,30.1,2.67,-34.3,45.6,-48.8
54609000,-6.41,-100.04,27.6,2.83,-33.7,43.6,-50.7
54610500,-6.85,-98.44,29.6,2.67,-33.5,44.7,-48.6
54612000,-6.43,-99.82,27.8,2.82,-33.8,43.8,-50.6
54613500,-7.09,-97.88,30.5,2.59,-33.3,45.2,-47.4
54615000,-6.78,-100.07,28.8,2.69,-32.9,43.8,-48.8
54616500,-7.19,-101.30,29.7,2.55,-31.4,43.3,-46.6
54618000,-6.88,-99.55,29.3,2.66,-32.9,44.1,-48.3
54619500,-7.26,-100.87,30.0,2.53,-31.5,43.5,-46.4
54621000,-6.91,-99.89,29.3,2.64,-32.7,43.9,-48.1
54622500,-7.22,-102.24,29.5,2.54,-31.0,42.8,-46.4
54624000,-6.92,-97.60,30.1,2.64,-33.8,45.3,-48.3
54625500,-7.00,-101.94,28.9,2.61,-31.6,42.8,-47.5
54627000,-6.97,-98.53,29.9,2.63,-33.2,44.7,-48.0
54628500,-7.06,-102.85,28.8,2.59,-31.0,42.3,-47.1
54630000,-7.23,-97.35,31.2,2.54,-33.2,45.5,-46.8
54631500,-7.10,-103.24,28.8,2.58,-30.8,42.1,-46.9
54633000,-7.25,-98.42,30.9,2.53,-32.6,44.9,-46.6
54634500,-7.18,-103.61,28.9,2.56,-30.4,42.0,-46.4
54636000,-7.10,-97.28,30.8,2.58,-33.5,45.5,-47.4
54637500,-6.91,-104.09,28.0,2.64,-30.7,41.6,-47.7
54639000,-7.18,-100.45,29.9,2.56,-31.9,43.7,-46.8
54640500,-6.86,-104.39,27.7,2.66,-30.7,41.4,-47.9
54642000,-7.26,-99.57,30.5,2.53,-32.1,44.3,-46.5
54643500,-6.85,-103.04,28.1,2.67,-31.4,42.1,-48.2
54645000,-7.28,-101.00,30.1,2.53,-31.4,43.5,-46.3
54646500,-6.85,-102.16,28.4,2.67,-31.8,42.6,-48.2
54648000,-7.31,-100.07,30.5,2.51,-31.7,44.0,-46.2
54649500,-7.05,-102.60,28.9,2.60,-31.2,42.5,-47.2
54651000,-7.45,-103.92,29.6,2.47,-29.7,42.0,-45.1
54652500,-7.13,-102.09,29.3,2.57,-31.2,42.8,-46.8
54654000,-7.48,-103.78,29.8,2.46,-29.7,42.1,-45.0
54655500,-7.17,-102.55,29.2,2.56,-30.9,42.6,-46.6
54657000,-7.51,-105.06,29.5,2.45,-29.1,41.4,-44.7
54658500,-7.17,-99.83,30.1,2.56,-32.2,44.1,-46.9
54660000,-7.28,-104.66,28.9,2.52,-29.8,41.5,-45.8
54661500,-7.21,-100.77,29.9,2.55,-31.7,43.6,-46.6
54663000,-7.38,-105.69,28.9,2.49,-29.1,41.0,-45.2
54664500,-7.42,-99.52,31.0,2.48,-31.8,44.4,-45.7
54666000,-7.39,-106.38,28.7,2.49,-28.8,40.7,-45.0
54667500,-7.45,-100.70,30.7,2.47,-31.2,43.7,-45.5
54669000,-7.47,-106.81,28.8,2.47,-28.4,40.5,-44.6
54670500,-7.55,-99.77,31.3,2.44,-31.3,44.3,-45.1
54672000,-7.39,-107.04,28.5,2.49,-28.5,40.3,-45.0
54673500,-7.62,-103.44,30.3,2.42,-29.6,42.3,-44.4
54675000,-7.47,-107.44,28.6,2.47,-28.2,40.2,-44.5
54676500,-7.98,-102.60,31.5,2.33,-29.2,43.0,-42.8
54678000,-7.47,-106.21,29.0,2.47,-28.7,40.8,-44.7
54679500,-7.97,-104.17,31.0,2.33,-28.6,42.2,-42.7
54681000,-7.48,-105.16,29.3,2.46,-29.1,41.4,-44.8
54682500,-8.02,-103.17,31.5,2.32,-28.9,42.7,-42.5
54684000,-7.66,-105.66,29.7,2.41,-28.6,41.2,-43.9
54685500,-8.13,-107.02,30.6,2.29,-27.1,40.9,-41.5
54687000,-7.82,-105.10,30.3,2.37,-28.5,41.6,-43.2
54688500,-8.20,-107.02,30.8,2.27,-27.0,40.9,-41.2
54690000,-7.86,-105.65,30.3,2.36,-28.2,41.4,-43.0
54691500,-8.21,-108.21,30.5,2.27,-26.5,40.4,-41.0
54693000,-7.87,-102.69,31.2,2.36,-29.4,42.9,-43.3
54694500,-7.97,-107.85,29.9,2.33,-27.1,40.3,-42.2
54696000,-7.92,-103.60,31.0,2.34,-28.9,42.4,-43.0
54697500,-7.88,-108.76,29.4,2.35,-26.9,39.8,-42.4
54699000,-7.88,-102.05,31.4,2.35,-29.6,43.2,-43.3
54700500,-7.88,-109.53,29.2,2.35,-26.6,39.5,-42.3
54702000,-7.92,-103.06,31.2,2.34,-29.1,42.7,-43.0
54703500,-7.96,-110.07,29.3,2.33,-26.2,39.3,-41.8
54705000,-8.02,-102.34,31.7,2.32,-29.2,43.1,-42.7
54706500,-7.90,-110.57,29.0,2.35,-26.1,39.0,-42.0
54708000,-8.08,-106.16,30.7,2.30,-27.5,41.3,-41.9
54709500,-7.78,-110.74,28.6,2.38,-26.2,38.8,-42.5
54711000,-8.18,-105.05,31.3,2.28,-27.8,41.9,-41.6
54712500,-7.81,-109.45,29.0,2.37,-26.7,39.5,-42.6
54714000,-8.27,-106.71,31.0,2.26,-27.0,41.1,-41.0
54715500,-7.83,-107.86,29.5,2.37,-27.3,40.2,-42.8
54717000,-8.30,-105.54,31.5,2.25,-27.4,41.7,-41.0
54718500,-7.96,-108.51,29.7,2.33,-26.8,40.0,-42.1
54720000,-8.41,-109.91,30.5,2.23,-25.5,39.7,-39.9
54721500,-8.10,-107.97,30.2,2.30,-26.8,40.4,-41.5
54723000,-8.44,-110.32,30.5,2.22,-25.2,39.6,-39.7
54724500,-8.14,-108.63,30.1,2.29,-26.5,40.1,-41.3
54726000,-8.55,-111.50,30.4,2.19,-24.6,39.1,-39.0
54727500,-8.16,-105.10,31.2,2.28,-27.8,41.8,-41.7
54729000,-8.28,-110.89,29.9,2.25,-25.3,39.2,-40.2
54730500,-8.19,-106.02,31.0,2.28,-27.4,41.4,-41.4
54732000,-8.38,-112.06,29.9,2.23,-24.7,38.7,-39.6
54733500,-8.40,-104.73,32.0,2.23,-27.5,42.2,-40.7
54735000,-8.38,-112.76,29.7,2.23,-24.4,38.4,-39.4
54736500,-8.74,-106.25,32.4,2.15,-26.2,41.7,-39.0
54738000,-8.70,-113.47,30.3,2.16,-23.6,38.4,-37.9
54739500,-8.85,-105.33,32.9,2.13,-26.3,42.2,-38.7
54741000,-8.64,-113.84,30.1,2.17,-23.6,38.2,-38.1
54742500,-8.89,-109.39,31.8,2.12,-24.8,40.3,-37.9
54744000,-8.46,-114.09,29.6,2.21,-23.8,37.9,-38.8
54745500,-9.00,-108.19,32.4,2.10,-25.0,41.0,-37.6
54747000,-8.52,-113.23,29.9,2.20,-24.0,38.4,-38.7
54748500,-9.06,-110.52,31.9,2.09,-24.1,40.0,-37.0
54750000,-8.55,-111.19,30.5,2.19,-24.7,39.3,-39.0
54751500,-9.10,-108.76,32.5,2.08,-24.6,40.8,-37.1
54753000,-8.69,-111.94,30.7,2.16,-24.2,39.1,-38.2
54754500,-9.18,-113.58,31.4,2.07,-22.8,38.8,-35.9
54756000,-8.86,-111.27,31.2,2.13,-24.2,39.5,-37.7
54757500,-9.23,-113.75,31.5,2.06,-22.6,38.8,-35.7
54759000,-8.66,-112.20,30.5,2.17,-24.1,38.9,-38.3
54760500,-9.06,-115.16,30.7,2.09,-22.4,38.0,-36.1
54762000,-8.70,-108.06,31.7,2.16,-25.6,40.8,-38.9
54763500,-8.81,-114.38,30.4,2.14,-23.1,38.1,-37.3
54765000,-8.74,-108.98,31.6,2.15,-25.2,40.4,-38.6
54766500,-8.92,-115.67,30.3,2.12,-22.4,37.7,-36.5
54768000,-8.93,-107.50,32.5,2.11,-25.4,41.2,-38.0
54769500,-8.90,-116.10,30.2,2.12,-22.3,37.5,-36.5
54771000,-8.96,-109.16,32.1,2.11,-24.7,40.5,-37.7
54772500,-9.03,-117.47,30.2,2.09,-21.6,37.1,-35.6
54774000,-9.09,-107.85,32.7,2.08,-25.0,41.2,-37.3
54775500,-8.97,-117.82,29.9,2.11,-21.6,36.9,-35.8
54777000,-9.11,-112.35,31.6,2.08,-23.3,39.3,-36.5
54778500,-8.83,-117.90,29.6,2.13,-21.8,36.7,-36.4
54780000,-9.22,-110.98,32.2,2.06,-23.6,39.9,-36.3
54781500,-8.87,-117.06,29.9,2.13,-22.0,37.1,-36.4
54783000,-9.35,-113.02,32.0,2.03,-22.7,39.2,-35.4
54784500,-8.93,-114.53,30.6,2.11,-22.8,38.2,-36.7
54786000,-9.39,-111.66,32.4,2.03,-23.1,39.8,-35.5
54787500,-9.03,-115.22,30.7,2.09,-22.4,38.0,-36.2
54789000,-9.46,-116.31,31.4,2.01,-21.4,38.0,-34.2
54790500,-9.16,-114.60,31.1,2.07,-22.4,38.4,-35.8
54792000,-9.47,-117.12,31.2,2.01,-21.1,37.7,-34.0
54793500,-9.23,-115.39,31.1,2.06,-22.1,38.1,-35.4
54795000,-9.60,-118.89,31.1,1.99,-20.3,37.2,-33.1
54796500,-9.30,-111.46,32.3,2.04,-23.3,39.8,-35.9
54798000,-9.65,-118.12,31.4,1.98,-20.5,37.5,-33.1
54799500,-9.63,-112.20,32.8,1.98,-22.5,39.8,-34.4
54801000,-9.72,-119.47,31.3,1.97,-19.9,37.1,-32.5
54802500,-9.85,-110.70,33.7,1.95,-22.6,40.6,-33.9
54804000,-9.72,-119.42,31.3,1.97,-19.9,37.1,-32.5
54805500,-9.91,-112.50,33.3,1.94,-21.9,39.9,-33.3
54807000,-9.82,-121.27,31.1,1.95,-19.2,36.6,-31.6
54808500,-10.05,-111.03,34.0,1.92,-22.2,40.6,-33.1
54810000,-9.80,-121.54,31.0,1.96,-19.1,36.4,-31.6
54811500,-10.03,-115.96,32.8,1.92,-20.6,38.7,-32.2
54813000,-9.61,-121.63,30.6,1.99,-19.3,36.2,-32.3
54814500,-10.18,-114.48,33.4,1.90,-20.8,39.4,-32.0
54816000,-9.67,-121.24,30.8,1.98,-19.4,36.4,-32.2
54817500,-10.28,-117.28,33.0,1.88,-19.8,38.5,-31.0
54819000,-9.77,-118.07,31.7,1.96,-20.3,37.6,-32.6
54820500,-9.98,-115.06,32.9,1.93,-21.0,39.0,-32.5
54822000,-9.65,-118.90,31.3,1.98,-20.2,37.2,-32.9
54823500,-10.07,-119.55,32.0,1.91,-19.4,37.4,-31.2
54825000,-9.75,-118.08,31.7,1.96,-20.3,37.6,-32.7
54826500,-10.03,-120.64,31.7,1.92,-19.1,37.0,-31.1
54828000,-9.81,-119.25,31.5,1.95,-19.9,37.3,-32.2
54829500,-10.15,-122.94,31.5,1.90,-18.2,36.4,-30.0
54831000,-9.91,-115.11,32.7,1.94,-21.1,38.9,-32.8
54832500,-10.00,-122.07,31.3,1.92,-18.7,36.5,-30.8
54834000,-9.98,-115.53,32.7,1.93,-20.8,38.8,-32.5
54835500,-10.09,-123.40,31.3,1.91,-18.1,36.1,-30.1
54837000,-10.16,-113.80,33.5,1.90,-21.1,39.6,-32.2
54838500,-10.05,-124.10,31.0,1.92,-17.9,35.9,-30.0
54840000,-10.17,-115.79,33.1,1.90,-20.4,38.9,-31.7
54841500,-10.19,-125.84,31.0,1.90,-17.2,35.5,-29.0
54843000,-10.25,-114.01,33.7,1.89,-20.9,39.6,-31.8
54844500,-10.14,-126.11,30.8,1.90,-17.2,35.3,-29.1
54846000,-10.25,-119.30,32.4,1.89,-19.2,37.7,-30.6
54847500,-9.99,-126.09,30.5,1.93,-17.4,35.1,-29.6
54849000,-10.37,-117.72,33.0,1.87,-19.5,38.4,-30.6
54850500,-10.02,-125.81,30.6,1.92,-17.4,35.3,-29.6
54852000,-10.58,-120.21,32.9,1.84,-18.5,37.8,-29.2
54853500,-10.20,-122.21,31.7,1.89,-18.4,36.7,-30.0
54855000,-10.60,-118.61,33.3,1.84,-18.9,38.3,-29.6
54856500,-10.29,-122.93,31.8,1.88,-18.0,36.5,-29.5
54858000,-10.71,-122.83,32.7,1.82,-17.5,37.0,-28.2
54859500,-10.72,-122.01,32.8,1.82,-17.7,37.3,-28.4
54861000,-11.04,-124.49,33.0,1.78,-16.6,36.9,-26.7
54862500,-10.77,-123.02,32.7,1.81,-17.3,37.0,-27.9
54864000,-11.08,-127.40,32.5,1.78,-15.7,36.1,-25.7
54865500,-10.94,-119.31,33.8,1.79,-18.2,38.4,-28.3
54867000,-10.96,-126.38,32.5,1.79,-16.1,36.2,-26.4
54868500,-11.00,-119.03,34.0,1.78,-18.2,38.6,-28.2
54870000,-11.05,-127.66,32.4,1.78,-15.6,36.0,-25.7
54871500,-11.21,-117.37,34.8,1.76,-18.4,39.3,-27.9
54873000,-11.04,-127.35,32.5,1.78,-15.7,36.1,-25.8
54874500,-11.26,-119.38,34.4,1.75,-17.7,38.7,-27.3
54876000,-11.09,-130.41,32.0,1.77,-14.8,35.3,-24.7
54877500,-11.36,-117.48,35.0,1.74,-18.1,39.5,-27.4
54879000,-11.04,-130.50,31.9,1.78,-14.8,35.2,-24.9
54880500,-11.30,-123.65,33.7,1.75,-16.5,37.5,-26.1
54882000,-10.57,-130.57,31.0,1.84,-15.3,34.5,-26.2
54883500,-11.01,-121.47,33.5,1.78,-17.5,37.8,-27.5
54885000,-10.64,-130.65,31.1,1.83,-15.2,34.6,-26.0
54886500,-11.22,-124.13,33.4,1.76,-16.4,37.2,-26.2
54888000,-10.89,-126.51,32.3,1.80,-16.1,36.1,-26.5
54889500,-11.26,-122.55,33.8,1.75,-16.8,37.8,-26.5
54891000,-11.01,-127.29,32.4,1.78,-15.8,36.0,-25.9
54892500,-11.40,-126.90,33.2,1.74,-15.4,36.6,-24.9
54894000,-11.09,-126.36,32.7,1.77,-16.0,36.4,-26.0
54895500,-11.29,-128.23,32.8,1.75,-15.2,36.1,-24.8
54897000,-11.10,-127.49,32.5,1.77,-15.6,36.1,-25.6
54898500,-11.36,-131.70,32.3,1.74,-14.1,35.3,-23.6
54900000,-11.27,-123.84,33.6,1.75,-16.5,37.4,-26.1
54901500,-11.25,-130.66,32.3,1.75,-14.5,35.4,-24.2
54903000,-11.39,-123.27,33.9,1.74,-16.5,37.7,-25.9
54904500,-11.45,-132.59,32.4,1.73,-13.7,35.2,-23.0
54906000,-11.56,-121.24,34.6,1.72,-16.8,38.5,-25.9
54907500,-11.40,-131.89,32.4,1.74,-14.0,35.3,-23.4
54909000,-11.53,-123.32,34.1,1.72,-16.3,37.8,-25.5
54910500,-11.42,-135.57,31.9,1.73,-12.9,34.4,-22.1
54912000,-11.64,-121.30,34.7,1.71,-16.7,38.5,-25.7
54913500,-11.38,-135.75,31.8,1.74,-12.9,34.3,-22.1
54915000,-11.54,-127.18,33.4,1.72,-15.2,36.7,-24.4
54916500,-11.27,-135.80,31.6,1.75,-13.0,34.1,-22.4
54918000,-11.68,-125.44,34.0,1.70,-15.5,37.4,-24.5
54919500,-11.28,-135.95,31.5,1.75,-12.9,34.1,-22.3
54921000,-12.36,-128.69,34.6,1.63,-13.8,37.3,-21.8
54922500,-11.91,-131.19,33.5,1.68,-13.7,36.1,-22.2
54924000,-12.45,-126.92,35.1,1.63,-14.2,37.9,-22.0
54925500,-12.02,-131.89,33.5,1.67,-13.4,36.1,-21.7
54927000,-12.55,-131.20,34.6,1.62,-13.0,36.9,-20.6
54928500,-12.20,-131.06,34.0,1.65,-13.4,36.5,-21.5
54930000,-12.47,-132.30,34.3,1.62,-12.8,36.6,-20.5
54931500,-12.19,-132.19,33.8,1.65,-13.1,36.2,-21.2
54933000,-12.39,-136.95,33.5,1.63,-11.6,35.4,-19.2
54934500,-12.41,-129.06,34.7,1.63,-13.7,37.3,-21.5
54936000,-12.30,-135.88,33.4,1.64,-12.0,35.5,-19.8
54937500,-12.56,-127.75,35.1,1.62,-13.9,37.8,-21.5
54939000,-12.45,-137.82,33.4,1.63,-11.3,35.3,-18.7
54940500,-12.81,-125.24,36.0,1.59,-14.2,38.7,-21.5
54942000,-12.37,-138.45,33.2,1.63,-11.3,35.1,-18.7
54943500,-12.32,-128.14,34.7,1.64,-14.0,37.4,-22.0
54945000,-12.09,-141.16,32.4,1.66,-10.8,34.1,-18.4
54946500,-12.36,-125.51,35.2,1.63,-14.7,38.1,-22.6
54948000,-12.02,-141.23,32.2,1.67,-10.8,34.0,-18.5
54949500,-12.31,-132.80,33.9,1.64,-12.8,36.2,-20.7
54951000,-11.90,-141.29,32.0,1.68,-10.9,33.8,-18.8
54952500,-12.38,-129.62,34.5,1.63,-13.6,37.1,-21.5
54954000,-11.92,-141.49,32.0,1.68,-10.8,33.8,-18.6
54955500,-12.65,-134.15,34.3,1.61,-12.1,36.4,-19.5
54957000,-12.33,-136.99,33.3,1.64,-11.7,35.3,-19.3
54958500,-12.71,-131.16,34.8,1.60,-12.8,37.1,-20.2
54960000,-12.42,-137.61,33.4,1.63,-11.4,35.3,-18.9
54961500,-12.89,-136.67,34.3,1.59,-11.3,36.1,-18.2
54963000,-12.56,-136.48,33.8,1.62,-11.6,35.7,-18.9
54964500,-12.59,-138.10,33.6,1.61,-11.2,35.4,-18.3
54966000,-12.53,-137.88,33.6,1.62,-11.3,35.4,-18.6
54967500,-12.66,-142.26,33.2,1.61,-10.0,34.7,-16.8
54969000,-12.72,-134.76,34.3,1.60,-11.9,36.3,-19.1
54970500,-12.48,-140.60,33.1,1.62,-10.6,34.8,-17.7
54972000,-12.97,-133.62,34.9,1.58,-12.0,36.9,-18.9
54973500,-12.82,-143.51,33.4,1.59,-9.6,34.7,-16.0
54975000,-13.22,-130.60,35.8,1.56,-12.4,37.9,-19.2
54976500,-12.71,-144.31,33.1,1.60,-9.4,34.4,-15.9
54978000,-13.08,-132.64,35.2,1.57,-12.1,37.2,-18.9
54979500,-12.74,-147.26,32.8,1.60,-8.7,34.0,-14.8
54981000,-13.17,-130.08,35.8,1.56,-12.6,37.9,-19.4
54982500,-13.05,-147.31,33.4,1.57,-8.4,34.4,-14.2
54984000,-13.55,-136.68,35.4,1.53,-10.7,37.0,-16.8
54985500,-13.01,-147.68,33.3,1.58,-8.4,34.3,-14.1
54987000,-13.81,-135.02,36.0,1.51,-10.8,37.6,-16.7
54988500,-12.97,-147.43,33.2,1.58,-8.5,34.3,-14.3
54990000,-13.85,-138.55,35.6,1.51,-10.0,37.0,-15.7
54991500,-13.51,-142.94,34.6,1.54,-9.2,35.8,-14.9
54993000,-14.03,-136.42,36.2,1.50,-10.3,37.6,-15.9
54994500,-13.61,-143.27,34.7,1.53,-9.1,35.9,-14.6
54996000,-14.25,-141.71,35.9,1.48,-9.0,37.0,-14.0
54997500,-13.82,-142.35,35.1,1.51,-9.1,36.3,-14.6
54999000,-14.15,-141.42,35.7,1.49,-9.1,36.9,-14.3
55000500,-13.75,-143.43,34.9,1.52,-8.9,36.0,-14.3
55002000,-13.79,-148.98,34.4,1.51,-7.6,35.2,-12.4
55003500,-13.99,-141.19,35.5,1.50,-9.3,36.7,-14.6
55005000,-13.43,-147.46,34.0,1.54,-8.2,34.9,-13.5
55006500,-13.84,-138.46,35.6,1.51,-10.0,37.0,-15.7
55008000,-13.55,-149.86,34.0,1.53,-7.5,34.8,-12.4
55009500,-14.12,-135.86,36.4,1.49,-10.4,37.8,-15.9
55011000,-13.55,-148.83,34.0,1.53,-7.7,34.9,-12.8
55012500,-13.88,-138.07,35.7,1.51,-10.1,37.1,-15.7
55014000,-13.43,-153.51,33.5,1.54,-6.7,34.1,-11.3
55015500,-14.03,-135.13,36.3,1.50,-10.6,37.9,-16.3
55017000,-13.29,-153.98,33.2,1.55,-6.6,33.8,-11.3
55018500,-13.79,-141.28,35.2,1.51,-9.4,36.4,-14.9
55020000,-13.32,-154.58,33.2,1.55,-6.4,33.8,-11.0
55021500,-13.91,-139.75,35.6,1.51,-9.7,36.9,-15.2
55023000,-13.26,-154.42,33.1,1.56,-6.5,33.7,-11.1
55024500,-14.01,-143.52,35.3,1.50,-8.7,36.4,-13.9
55026000,-13.88,-150.42,34.4,1.51,-7.2,35.2,-11.8
55027500,-14.21,-141.49,35.8,1.48,-9.0,37.0,-14.1
55029000,-14.02,-150.50,34.6,1.50,-7.1,35.4,-11.5
55030500,-14.56,-147.14,35.8,1.46,-7.5,36.5,-11.9
55032000,-14.23,-149.50,35.1,1.48,-7.2,35.8,-11.6
55033500,-14.42,-146.26,35.6,1.47,-7.8,36.5,-12.4
55035000,-14.04,-150.14,34.7,1.50,-7.1,35.4,-11.6
55036500,-13.91,-154.55,34.1,1.51,-6.2,34.7,-10.2
55038000,-14.22,-148.18,35.2,1.48,-7.5,35.9,-12.0
55039500,-13.88,-153.01,34.2,1.51,-6.6,34.8,-10.8
55041000,-14.75,-145.41,36.2,1.45,-7.8,37.0,-12.1
55042500,-14.25,-157.18,34.5,1.48,-5.4,34.9,-8.9
55044000,-15.70,-142.06,37.8,1.39,-7.8,38.6,-11.7
55045500,-14.78,-156.37,35.3,1.45,-5.3,35.7,-8.6
55047000,-15.50,-145.01,37.3,1.40,-7.4,38.0,-11.2
55048500,-14.52,-161.41,34.7,1.46,-4.3,34.9,-7.1
55050000,-15.67,-141.65,37.9,1.39,-7.9,38.7,-11.9
55051500,-14.35,-161.73,34.4,1.47,-4.3,34.7,-7.1
55053000,-15.33,-147.63,36.8,1.41,-7.0,37.5,-10.7
55054500,-14.46,-162.83,34.5,1.47,-4.0,34.7,-6.6
55056000,-15.54,-146.45,37.2,1.40,-7.1,37.9,-10.8
55057500,-14.30,-161.75,34.3,1.48,-4.3,34.6,-7.1
55059000,-15.42,-150.81,36.7,1.41,-6.2,37.2,-9.7
55060500,-15.02,-158.68,35.6,1.43,-4.7,35.9,-7.6
55062000,-15.73,-148.73,37.3,1.39,-6.5,37.8,-9.9
55063500,-15.25,-158.50,35.9,1.42,-4.7,36.2,-7.4
55065000,-16.09,-155.06,37.3,1.37,-5.1,37.6,-7.7
55066500,-15.18,-158.54,35.8,1.42,-4.7,36.1,-7.5
55068000,-15.27,-152.45,36.3,1.42,-6.0,36.8,-9.3
55069500,-14.83,-157.78,35.3,1.44,-5.0,35.7,-8.1
55071000,-14.56,-161.80,34.7,1.46,-4.2,35.0,-6.9
55072500,-14.99,-156.12,35.7,1.43,-5.3,36.1,-8.5
55074000,-14.53,-160.06,34.7,1.46,-4.6,35.1,-7.6
55075500,-15.60,-153.11,36.7,1.40,-5.7,37.2,-8.8
55077000,-14.91,-165.46,35.1,1.44,-3.3,35.2,-5.3
55078500,-16.05,-150.01,37.6,1.37,-6.1,38.1,-9.2
55080000,-14.99,-163.86,35.3,1.43,-3.6,35.4,-5.8
55081500,-15.71,-152.46,36.9,1.39,-5.8,37.4,-8.9
55083000,-14.71,-168.87,34.6,1.45,-2.5,34.7,-4.2
55084500,-15.78,-147.98,37.4,1.39,-6.6,38.0,-10.0
55086000,-14.43,-169.18,34.2,1.47,-2.5,34.3,-4.2
55087500,-15.45,-154.04,36.5,1.41,-5.5,36.9,-8.7
55089000,-14.57,-170.58,34.4,1.46,-2.2,34.5,-3.6
55090500,-15.61,-152.13,36.8,1.40,-5.9,37.3,-9.1
55092000,-14.45,-169.77,34.2,1.47,-2.4,34.3,-4.0
55093500,-15.48,-156.93,36.3,1.40,-4.9,36.7,-7.7
55095000,-15.11,-167.76,35.3,1.43,-2.7,35.4,-4.4
55096500,-15.75,-154.76,36.8,1.39,-5.3,37.2,-8.1
55098000,-15.47,-167.17,35.8,1.40,-2.8,35.9,-4.4
55099500,-16.18,-162.33,37.0,1.37,-3.6,37.1,-5.5
55101000,-15.82,-166.89,36.3,1.39,-2.7,36.4,-4.3
55102500,-16.15,-160.01,37.0,1.37,-4.0,37.3,-6.2
55104000,-15.47,-166.08,35.8,1.41,-3.0,36.0,-4.8
55105500,-15.58,-170.06,35.9,1.40,-2.1,35.9,-3.4
55107000,-16.33,-165.46,37.0,1.36,-2.9,37.2,-4.5
55108500,-15.73,-169.68,36.1,1.39,-2.2,36.2,-3.4
55110000,-17.02,-164.00,38.0,1.33,-3.0,38.1,-4.5
55111500,-16.00,-175.43,36.3,1.38,-0.9,36.4,-1.5
55113000,-17.78,-159.43,39.1,1.30,-3.6,39.2,-5.3
55114500,-16.14,-173.68,36.6,1.37,-1.3,36.6,-2.0
55116000,-17.46,-163.21,38.5,1.31,-3.0,38.7,-4.5
55117500,-15.78,-178.43,36.0,1.39,-0.3,36.0,-0.5
55119000,-17.68,-157.49,39.1,1.30,-4.0,39.3,-5.8
55120500,-15.37,-178.65,35.4,1.41,-0.3,35.4,-0.5
55122000,-17.18,-163.35,38.2,1.32,-3.1,38.3,-4.6
55123500,-15.48,179.19,35.6,1.40,0.2,35.6,0.3
55125000,-17.47,-161.70,38.6,1.31,-3.3,38.7,-4.9
55126500,-15.43,-179.47,35.5,1.41,-0.1,35.5,-0.2
55128000,-16.42,-166.63,37.1,1.36,-2.7,37.2,-4.1
55129500,-15.57,-177.98,35.7,1.40,-0.4,35.7,-0.7
55131000,-16.51,-162.67,37.4,1.35,-3.4,37.5,-5.2
55132500,-16.07,-177.18,36.4,1.37,-0.6,36.4,-0.9
55134000,-16.94,-171.82,37.6,1.33,-1.6,37.7,-2.4
55135500,-16.43,-177.31,36.9,1.36,-0.5,36.9,-0.8
55137000,-17.01,-168.94,37.8,1.33,-2.1,37.8,-3.2
55138500,-16.03,-175.73,36.4,1.38,-0.9,36.4,-1.4
55140000,-15.68,-178.40,35.9,1.39,-0.3,35.9,-0.5
55141500,-16.25,-174.07,36.7,1.36,-1.2,36.7,-1.9
55143000,-15.65,-175.96,35.9,1.40,-0.9,35.9,-1.4
55144500,-17.08,-173.15,37.8,1.33,-1.3,37.8,-1.9
55146000,-15.98,176.12,36.3,1.38,0.8,36.3,1.3
55147500,-17.79,-169.90,38.7,1.30,-1.8,38.7,-2.6
55149000,-16.12,177.17,36.5,1.37,0.6,36.5,0.9
55150500,-17.39,-172.09,38.2,1.31,-1.4,38.2,-2.2
55152000,-15.82,173.53,36.1,1.39,1.4,36.2,2.1
55153500,-17.52,-165.64,38.5,1.31,-2.6,38.6,-3.8
55155000,-15.24,173.46,35.3,1.42,1.4,35.3,2.3
55156500,-17.13,-171.01,37.9,1.32,-1.7,37.9,-2.5
55158000,-15.31,170.85,35.5,1.41,2.0,35.5,3.2
55159500,-17.36,-168.59,38.2,1.31,-2.1,38.3,-3.1
55161000,-15.27,171.44,35.4,1.42,1.9,35.5,3.0
55162500,-16.91,-173.83,37.6,1.33,-1.2,37.6,-1.8
55164000,-15.73,171.62,36.0,1.39,1.8,36.1,2.8
55165500,-17.24,-171.55,38.0,1.32,-1.6,38.0,-2.4
55167000,-16.96,171.62,37.7,1.33,1.6,37.7,2.4
55168500,-18.21,174.75,39.1,1.28,0.9,39.1,1.3
55170000,-17.44,169.98,38.3,1.31,1.8,38.3,2.7
55171500,-18.50,177.51,39.4,1.27,0.4,39.4,0.6
55173000,-17.09,171.74,37.8,1.32,1.5,37.9,2.3
55174500,-16.64,169.69,37.3,1.35,2.0,37.4,3.1
55176000,-17.43,173.93,38.2,1.31,1.1,38.2,1.7
55177500,-16.71,171.98,37.3,1.34,1.6,37.4,2.4
55179000,-18.33,173.08,39.2,1.28,1.2,39.3,1.7
55180500,-16.75,163.00,37.7,1.34,3.3,37.8,5.0
55182000,-19.40,175.74,40.3,1.24,0.6,40.3,0.9
55183500,-16.94,165.02,37.8,1.33,2.8,37.9,4.3
55185000,-18.88,173.03,39.8,1.26,1.1,39.9,1.6
55186500,-16.61,161.22,37.6,1.35,3.7,37.8,5.6
55188000,-19.37,-179.25,40.3,1.24,-0.1,40.3,-0.2
55189500,-15.65,162.82,36.2,1.40,3.6,36.4,5.7
55191000,-17.78,178.48,38.6,1.30,0.3,38.6,0.4
55192500,-15.48,161.27,36.1,1.40,4.0,36.3,6.3
55194000,-18.09,-178.70,38.9,1.28,-0.2,38.9,-0.3
55195500,-15.47,161.80,36.0,1.40,3.9,36.2,6.2
55197000,-17.43,176.30,38.2,1.31,0.7,38.2,1.0
55198500,-15.77,161.23,36.5,1.39,3.9,36.7,6.1
55200000,-17.78,178.23,38.6,1.30,0.3,38.6,0.5
55201500,-16.56,160.40,37.5,1.35,3.8,37.7,5.8
55203000,-17.86,166.26,38.9,1.29,2.4,39.0,3.5
55204500,-16.95,159.56,38.1,1.33,3.9,38.3,5.8
55206000,-18.06,169.50,39.0,1.29,1.8,39.1,2.7
55207500,-16.71,162.72,37.6,1.34,3.3,37.8,5.1
55209000,-16.39,162.55,37.2,1.36,3.5,37.4,5.3
55210500,-17.04,164.65,38.0,1.33,2.9,38.1,4.3
55212000,-16.34,165.54,37.0,1.36,2.9,37.2,4.5
55213500,-17.68,162.64,38.8,1.30,3.1,38.9,4.5
55215000,-16.38,155.07,37.6,1.36,4.9,38.0,7.5
55216500,-18.67,164.35,39.8,1.26,2.5,39.9,3.6
55218000,-16.53,156.43,37.7,1.35,4.6,38.0,7.0
55219500,-18.18,162.50,39.4,1.28,3.0,39.5,4.3
55221000,-16.28,152.88,37.7,1.36,5.4,38.0,8.2
55222500,-18.70,171.09,39.7,1.26,1.4,39.7,2.1
55224000,-15.53,154.57,36.5,1.40,5.4,36.9,8.4
55225500,-18.07,166.90,39.1,1.29,2.2,39.2,3.3
55227000,-15.45,151.41,36.7,1.41,6.1,37.2,9.4
55228500,-19.54,167.76,40.6,1.24,1.8,40.7,2.6
55230000,-15.91,150.22,37.4,1.38,6.1,37.9,9.3
55231500,-18.52,160.85,39.8,1.27,3.1,39.9,4.5
55233000,-16.10,149.10,37.7,1.37,6.2,38.2,9.4
55234500,-19.10,162.07,40.4,1.25,2.8,40.5,4.0
55236000,-17.00,147.21,39.0,1.33,6.1,39.4,8.9
55237500,-18.53,150.05,40.4,1.27,4.8,40.7,6.8
55239000,-17.35,145.69,39.5,1.31,6.2,40.0,8.9
55240500,-19.02,152.75,40.8,1.25,4.2,41.0,5.9
55242000,-17.22,148.49,39.1,1.32,5.7,39.5,8.3
55243500,-17.00,149.06,38.8,1.33,5.8,39.2,8.4
55245000,-17.62,150.30,39.4,1.30,5.2,39.8,7.6
55246500,-17.00,151.67,38.6,1.33,5.3,39.0,7.8
55248000,-18.13,147.62,40.2,1.28,5.4,40.6,7.7
55249500,-16.57,141.67,39.0,1.35,7.3,39.6,10.7
55251000,-19.04,150.31,40.9,1.25,4.6,41.2,6.4
55252500,-16.43,146.06,38.4,1.36,6.6,38.9,9.8
55254000,-18.11,149.61,40.0,1.28,5.1,40.3,7.3
55255500,-16.19,142.45,38.4,1.37,7.4,39.1,11.0
55257000,-18.93,158.12,40.4,1.25,3.4,40.5,4.9
55258500,-15.38,145.01,37.1,1.41,7.5,37.9,11.4
55260000,-18.29,154.96,39.9,1.28,4.2,40.1,6.0
55261500,-15.28,142.34,37.3,1.42,8.1,38.1,12.2
55263000,-18.82,157.42,40.3,1.26,3.6,40.4,5.1
55264500,-15.31,142.56,37.3,1.41,8.0,38.1,12.1
55266000,-17.97,153.64,39.6,1.29,4.5,39.9,6.5
55267500,-15.40,141.41,37.5,1.41,8.2,38.4,12.3
55269000,-18.38,155.31,39.9,1.27,4.1,40.2,5.8
55270500,-16.15,139.01,38.7,1.37,8.1,39.6,11.8
55272000,-17.74,143.26,40.1,1.30,6.3,40.6,9.0
55273500,-16.39,137.19,39.2,1.36,8.3,40.1,11.9
55275000,-18.15,145.44,40.4,1.28,5.8,40.8,8.1
55276500,-16.43,140.07,39.0,1.36,7.7,39.7,11.2
55278000,-16.62,142.33,39.0,1.35,7.2,39.6,10.4
55279500,-16.85,142.73,39.2,1.34,7.0,39.8,10.1
55281000,-16.41,145.87,38.4,1.36,6.7,38.9,9.9
55282500,-17.08,140.28,39.7,1.33,7.2,40.4,10.3
55284000,-15.91,135.13,38.9,1.38,9.0,39.9,13.0
55285500,-18.12,139.06,40.9,1.28,6.8,41.5,9.4
55287000,-16.10,136.03,39.0,1.37,8.7,40.0,12.6
55288500,-17.72,137.78,40.6,1.30,7.2,41.3,10.1
55290000,-16.12,131.54,39.6,1.37,9.5,40.7,13.5
55291500,-19.50,138.92,42.2,1.24,5.9,42.6,8.0
55293000,-15.50,133.58,38.6,1.40,9.7,39.8,14.1
55294500,-18.78,137.44,41.7,1.26,6.6,42.2,9.0
55296000,-15.30,131.11,38.7,1.41,10.3,40.0,14.9
55297500,-19.46,138.57,42.2,1.24,6.0,42.6,8.1
55299000,-15.33,131.61,38.6,1.41,10.2,39.9,14.8
55300500,-18.30,137.09,41.3,1.28,6.9,41.9,9.5
55302000,-15.40,130.63,38.8,1.41,10.3,40.2,14.9
55303500,-18.89,137.65,41.8,1.26,6.5,42.3,8.8
55305000,-16.09,126.85,40.2,1.37,10.3,41.5,14.4
55306500,-17.74,127.62,41.8,1.30,8.7,42.7,11.8
55308000,-16.34,125.10,40.8,1.36,10.4,42.1,14.3
55309500,-18.27,128.72,42.2,1.28,8.2,43.0,10.9
55311000,-16.38,126.57,40.6,1.36,10.1,41.8,14.0
55312500,-16.60,130.19,40.3,1.35,9.3,41.4,13.0
55314000,-16.43,132.56,39.8,1.36,9.1,40.8,12.8
55315500,-16.27,136.17,39.2,1.36,8.5,40.1,12.3
55317000,-16.44,130.53,40.1,1.35,9.4,41.2,13.2
55318500,-15.55,126.30,39.7,1.40,11.0,41.1,15.5
55320000,-17.50,128.36,41.5,1.31,8.8,42.4,12.0
55321500,-15.66,127.28,39.7,1.39,10.7,41.1,15.1
55323000,-17.07,127.03,41.2,1.33,9.4,42.3,12.9
55324500,-15.44,124.09,39.9,1.41,11.5,41.5,16.1
55326000,-18.17,133.77,41.5,1.28,7.5,42.2,10.3
55327500,-14.87,128.00,38.5,1.44,11.3,40.2,16.4
55329000,-17.64,132.31,41.2,1.30,8.1,42.0,11.2
55330500,-14.61,125.61,38.6,1.46,12.1,40.4,17.4
55332000,-18.19,133.56,41.6,1.28,7.5,42.2,10.3
55333500,-14.66,125.70,38.6,1.45,12.0,40.5,17.3
55335000,-17.40,132.05,40.9,1.31,8.4,41.8,11.5
55336500,-14.59,124.30,38.8,1.46,12.4,40.7,17.7
55338000,-17.89,133.05,41.3,1.29,7.8,42.1,10.7
55339500,-15.09,121.29,39.9,1.43,12.4,41.8,17.3
55341000,-16.79,123.19,41.5,1.34,10.3,42.8,13.9
55342500,-15.22,119.62,40.4,1.42,12.5,42.3,17.3
55344000,-17.18,124.35,41.7,1.32,9.7,42.8,13.1
55345500,-15.33,120.90,40.3,1.41,12.2,42.1,16.8
55347000,-16.18,123.33,40.8,1.37,10.9,42.3,14.9
55348500,-15.87,123.73,40.4,1.38,11.1,41.9,15.4
55350000,-15.91,127.64,39.9,1.38,10.4,41.2,14.6
55351500,-15.99,119.82,41.2,1.38,11.6,42.8,15.8
55353000,-15.26,115.76,41.1,1.42,13.2,43.2,17.8
55354500,-17.15,114.07,43.3,1.32,11.2,44.7,14.5
55356000,-15.44,116.38,41.2,1.41,12.8,43.2,17.3
55357500,-16.69,113.65,43.0,1.34,11.8,44.5,15.3
55359000,-15.05,113.59,41.3,1.43,13.8,43.6,18.5
55360500,-17.97,116.60,43.6,1.29,10.0,44.7,12.9
55362000,-14.76,117.56,40.2,1.45,13.5,42.4,18.5
55363500,-17.43,116.85,43.1,1.31,10.5,44.4,13.7
55365000,-14.38,115.87,40.0,1.47,14.3,42.5,19.6
55366500,-18.06,116.92,43.6,1.29,9.9,44.7,12.8
55368000,-14.46,116.34,40.1,1.47,14.1,42.5,19.4
55369500,-17.12,117.12,42.8,1.32,10.8,44.1,14.2
55371000,-14.37,115.03,40.2,1.47,14.5,42.7,19.8
55372500,-17.67,117.34,43.2,1.30,10.2,44.4,13.3
55374000,-14.57,112.77,40.9,1.46,14.6,43.4,19.7
55375500,-16.08,114.95,42.1,1.37,12.3,43.9,16.3
55377000,-14.58,112.20,41.0,1.46,14.7,43.6,19.7
55378500,-16.53,115.84,42.4,1.35,11.6,44.0,15.3
55380000,-14.62,113.29,40.9,1.46,14.4,43.3,19.5
55381500,-15.67,114.84,41.7,1.39,12.8,43.7,17.1
55383000,-15.26,116.03,41.1,1.42,13.1,43.1,17.7
55384500,-15.48,119.50,40.7,1.40,12.3,42.5,16.8
55386000,-15.17,114.74,41.2,1.42,13.5,43.4,18.1
55387500,-14.64,112.49,41.1,1.45,14.6,43.6,19.5
55389000,-15.92,111.50,42.6,1.38,13.0,44.6,17.0
55390500,-14.63,112.35,41.1,1.46,14.6,43.6,19.6
55392000,-15.56,111.01,42.4,1.40,13.6,44.5,17.8
55393500,-14.31,109.59,41.3,1.48,15.6,44.1,20.6
55395000,-16.66,114.23,42.8,1.34,11.7,44.4,15.3
55396500,-14.09,112.95,40.3,1.49,15.2,43.1,20.7
55398000,-16.28,114.51,42.4,1.36,12.1,44.1,16.0
55399500,-13.66,112.02,39.9,1.52,16.0,43.0,21.9
55401000,-16.87,115.01,42.9,1.33,11.4,44.4,14.9
55402500,-13.79,112.50,40.0,1.51,15.8,43.0,21.5
55404000,-16.20,114.21,42.4,1.37,12.3,44.1,16.1
55405500,-13.58,110.42,40.2,1.53,16.5,43.4,22.3
55407000,-16.67,114.39,42.8,1.34,11.7,44.4,15.3
55408500,-13.81,107.81,41.1,1.51,16.7,44.3,22.1
55410000,-15.45,107.51,43.0,1.41,14.2,45.3,18.3
55411500,-13.89,106.35,41.5,1.51,16.8,44.8,22.0
55413000,-15.86,106.94,43.5,1.38,13.8,45.6,17.6
55414500,-14.14,103.58,42.5,1.49,16.9,45.7,21.6
55416000,-15.19,103.48,43.6,1.42,15.2,46.2,19.2
55417500,-14.92,105.46,42.9,1.44,15.3,45.6,19.7
55419000,-15.07,108.76,42.3,1.43,14.6,44.8,19.0
55420500,-14.70,104.97,42.8,1.45,15.7,45.6,20.2
55422000,-14.22,103.48,42.6,1.48,16.8,45.8,21.5
55423500,-15.40,100.49,44.5,1.41,15.3,47.1,19.0
55425000,-14.30,103.73,42.7,1.48,16.6,45.8,21.3
55426500,-15.10,100.38,44.3,1.43,15.8,47.0,19.6
55428000,-13.82,100.95,42.8,1.51,17.9,46.4,22.7
55429500,-16.04,101.05,44.9,1.37,14.3,47.1,17.6
55431000,-13.73,103.98,41.9,1.52,17.5,45.4,22.7
55432500,-15.83,102.35,44.5,1.39,14.4,46.7,18.0
55434000,-13.32,103.96,41.4,1.55,18.2,45.2,23.7
55435500,-16.13,103.84,44.4,1.37,13.8,46.5,17.3
55437000,-13.29,106.33,40.8,1.55,17.8,44.5,23.5
55438500,-15.55,106.57,43.3,1.40,14.2,45.6,18.2
55440000,-13.04,104.78,40.8,1.57,18.5,44.8,24.4
55441500,-15.94,107.20,43.5,1.38,13.6,45.6,17.4
55443000,-13.22,102.50,41.7,1.56,18.7,45.7,24.1
55444500,-14.75,101.60,43.6,1.45,16.2,46.6,20.4
55446000,-13.25,100.93,42.2,1.56,18.9,46.2,24.1
55447500,-15.13,102.14,43.9,1.42,15.5,46.5,19.5
55449000,-13.23,100.79,42.2,1.56,19.0,46.2,24.2
55450500,-14.52,100.82,43.6,1.46,16.7,46.7,21.0
55452000,-14.00,102.96,42.5,1.50,17.2,45.9,22.1
55453500,-14.40,105.98,42.2,1.47,16.0,45.2,20.8
55455000,-13.86,102.36,42.5,1.51,17.6,46.0,22.4
55456500,-13.63,101.14,42.6,1.53,18.2,46.3,23.1
55458000,-14.31,99.80,43.7,1.48,17.2,46.9,21.5
55459500,-13.57,101.09,42.5,1.53,18.3,46.3,23.3
55461000,-14.09,99.02,43.6,1.49,17.7,47.1,22.1
55462500,-13.11,98.08,42.8,1.57,19.7,47.1,24.7
55464000,-14.87,99.88,44.2,1.44,16.2,47.1,20.2
55465500,-13.12,100.32,42.2,1.57,19.3,46.4,24.5
55467000,-14.85,101.26,43.8,1.44,16.1,46.7,20.1
55468500,-12.66,100.84,41.4,1.61,20.0,46.0,25.8
55470000,-15.32,101.45,44.2,1.41,15.3,46.8,19.1
55471500,-12.81,100.98,41.6,1.59,19.7,46.0,25.4
55473000,-14.86,100.54,44.0,1.44,16.2,46.9,20.2
55474500,-12.59,98.70,41.9,1.61,20.6,46.7,26.2
55476000,-15.40,96.26,45.6,1.41,15.8,48.2,19.2
55477500,-12.75,95.62,43.1,1.60,20.9,47.9,25.8
55479000,-14.20,92.58,45.6,1.48,18.5,49.2,22.0
55480500,-12.85,93.72,43.8,1.59,21.0,48.6,25.6
55482000,-14.52,92.75,45.8,1.46,17.8,49.1,21.3
55483500,-12.78,93.33,43.9,1.60,21.2,48.8,25.8
55485000,-13.93,92.18,45.4,1.50,19.0,49.3,22.7
55486500,-13.55,94.58,44.3,1.53,19.4,48.4,23.7
55488000,-13.96,97.12,44.0,1.50,18.3,47.7,22.5
55489500,-13.41,94.58,44.2,1.54,19.7,48.4,24.0
55491000,-13.24,93.98,44.2,1.56,20.1,48.6,24.5
55492500,-13.79,91.00,45.7,1.51,19.5,49.7,23.1
55494000,-13.26,93.87,44.2,1.56,20.1,48.6,24.5
55495500,-13.61,90.75,45.6,1.53,19.9,49.7,23.6
55497000,-12.60,92.20,44.0,1.61,21.8,49.2,26.4
55498500,-14.04,94.66,44.8,1.50,18.5,48.5,22.4
55500000,-12.59,95.27,43.0,1.61,21.3,48.0,26.3
55501500,-14.13,95.93,44.5,1.49,18.1,48.1,22.1
55503000,-12.17,96.10,42.2,1.65,22.0,47.6,27.5
55504500,-14.58,95.79,45.0,1.46,17.3,48.2,21.1
55506000,-12.34,96.58,42.3,1.64,21.5,47.4,27.0
55507500,-14.15,95.01,44.8,1.49,18.2,48.4,22.1
55509000,-11.99,94.97,42.3,1.67,22.6,48.0,28.2
55510500,-14.55,95.15,45.1,1.46,17.5,48.4,21.1
55512000,-12.04,93.50,42.9,1.67,22.8,48.6,28.0
55513500,-13.45,91.55,45.2,1.54,20.1,49.5,24.0
55515000,-12.07,92.10,43.4,1.66,23.0,49.1,28.0
55516500,-13.75,92.10,45.3,1.52,19.4,49.3,23.2
55518000,-12.01,91.56,43.5,1.67,23.3,49.4,28.2
55519500,-13.28,90.41,45.4,1.55,20.6,49.9,24.5
55521000,-12.70,93.16,43.8,1.60,21.4,48.8,26.1
55522500,-13.34,95.01,44.0,1.55,19.8,48.2,24.2
55524000,-12.62,92.79,43.9,1.61,21.7,48.9,26.3
55525500,-12.75,92.13,44.2,1.60,21.5,49.2,25.9
55527000,-12.97,90.74,44.9,1.58,21.3,49.7,25.3
55528500,-12.70,92.35,44.1,1.60,21.6,49.1,26.1
55530000,-12.76,90.25,44.9,1.60,21.8,49.9,25.9
55531500,-12.00,89.22,44.4,1.67,23.8,50.3,28.2
55533000,-13.23,90.03,45.5,1.56,20.8,50.0,24.6
55534500,-12.12,90.64,44.0,1.66,23.2,49.7,27.8
55536000,-13.56,89.66,45.9,1.53,20.2,50.1,23.7
55537500,-11.81,90.01,43.8,1.69,24.1,50.0,28.8
55539000,-14.02,86.82,47.2,1.50,19.5,51.1,22.5
55540500,-11.96,90.03,44.0,1.67,23.7,50.0,28.3
55542000,-13.64,87.05,46.8,1.52,20.3,51.0,23.5
55543500,-11.63,88.97,44.0,1.71,24.7,50.4,29.4
55545000,-13.97,86.75,47.2,1.50,19.6,51.1,22.6
55546500,-11.62,87.84,44.4,1.71,25.0,50.9,29.4
55548000,-12.98,84.34,47.2,1.58,22.2,52.2,25.2
55549500,-11.65,86.20,45.1,1.71,25.2,51.6,29.3
55551000,-13.23,84.39,47.4,1.56,21.6,52.1,24.5
55552500,-11.58,85.76,45.1,1.72,25.5,51.9,29.5
55554000,-12.76,83.74,47.2,1.60,22.8,52.4,25.8
55555500,-12.23,86.26,45.7,1.65,23.7,51.5,27.4
55557000,-12.85,87.52,45.9,1.59,22.0,50.9,25.6
55558500,-12.13,87.51,45.1,1.66,23.8,51.0,27.8
55560000,-12.30,88.08,45.1,1.64,23.3,50.8,27.3
55561500,-12.35,87.13,45.5,1.64,23.3,51.2,27.1
55563000,-12.27,88.35,45.0,1.64,23.3,50.7,27.4
55564500,-12.12,86.62,45.5,1.66,24.0,51.4,27.8
55566000,-11.50,85.60,45.1,1.72,25.7,51.9,29.7
55567500,-12.48,86.20,46.0,1.62,23.1,51.5,26.7
55569000,-11.60,86.54,44.9,1.71,25.3,51.5,29.4
55570500,-12.78,87.47,45.9,1.60,22.2,51.0,25.8
55572000,-11.22,88.17,43.7,1.76,26.0,50.8,30.7
55573500,-13.24,87.32,46.4,1.56,21.2,51.0,24.6
55575000,-11.38,88.03,44.0,1.74,25.6,50.9,30.2
55576500,-12.90,86.14,46.5,1.59,22.1,51.5,25.5
55578000,-11.05,86.98,43.9,1.78,26.7,51.4,31.3
55579500,-13.22,86.43,46.7,1.56,21.3,51.3,24.6
55581000,-11.02,86.04,44.3,1.78,27.0,51.8,31.4
55582500,-12.34,83.87,46.8,1.64,23.8,52.5,27.0
55584000,-10.99,85.08,44.6,1.79,27.3,52.3,31.4
55585500,-12.58,84.21,46.9,1.61,23.2,52.3,26.3
55587000,-10.95,84.61,44.8,1.79,27.5,52.5,31.5
55588500,-12.11,82.88,46.9,1.66,24.6,53.0,27.7
55590000,-11.52,85.18,45.3,1.72,25.8,52.1,29.7
55591500,-12.28,86.16,45.8,1.64,23.6,51.6,27.3
55593000,-11.56,85.12,45.4,1.72,25.7,52.1,29.5
55594500,-11.83,84.30,46.0,1.69,25.1,52.4,28.6
55596000,-11.76,83.72,46.2,1.70,25.4,52.7,28.8
55597500,-11.97,83.91,46.4,1.67,24.8,52.6,28.2
55599000,-11.72,80.48,47.5,1.70,26.1,54.2,28.8
55600500,-11.10,80.42,46.8,1.77,27.9,54.5,30.8
55602000,-11.97,79.52,48.2,1.67,25.5,54.5,27.9
55603500,-11.19,80.84,46.8,1.76,27.5,54.3,30.5
55605000,-12.34,80.61,48.1,1.64,24.3,53.9,26.8
55606500,-10.87,82.80,45.5,1.80,28.1,53.4,31.7
55608000,-12.71,79.79,48.7,1.60,23.4,54.1,25.7
55609500,-11.03,82.92,45.6,1.78,27.6,53.3,31.2
55611000,-12.42,79.65,48.5,1.63,24.2,54.2,26.6
55612500,-10.72,82.25,45.5,1.82,28.7,53.8,32.2
55614000,-12.71,79.48,48.8,1.60,23.5,54.2,25.7
55615500,-10.66,81.41,45.8,1.83,29.0,54.2,32.4
55617000,-11.95,77.94,48.8,1.68,25.8,55.2,27.8
55618500,-10.66,79.86,46.5,1.83,29.4,55.0,32.3
55620000,-12.14,78.08,49.0,1.66,25.2,55.1,27.3
55621500,-10.49,81.47,45.5,1.85,29.5,54.2,33.0
55623000,-11.58,79.77,47.7,1.72,26.6,54.6,29.1
55624500,-10.99,81.88,46.0,1.79,27.9,53.8,31.3
55626000,-11.80,82.21,46.9,1.69,25.6,53.4,28.6
55627500,-11.06,81.85,46.1,1.78,27.7,53.8,31.0
55629000,-11.41,80.88,47.0,1.74,26.9,54.1,29.8
55630500,-11.24,80.77,46.8,1.76,27.4,54.3,30.3
55632000,-11.50,81.58,46.8,1.73,26.5,53.8,29.5
55633500,-11.09,80.45,46.8,1.77,27.9,54.5,30.8
55635000,-10.55,79.01,46.8,1.84,29.9,55.5,32.6
55636500,-11.28,80.03,47.2,1.75,27.4,54.6,30.1
55638000,-10.68,79.44,46.7,1.83,29.4,55.2,32.1
55639500,-11.63,80.81,47.3,1.71,26.3,54.1,29.0
55641000,-10.39,81.06,45.5,1.87,30.0,54.5,33.3
55642500,-12.04,80.70,47.7,1.67,25.1,54.0,27.8
55644000,-10.53,81.15,45.7,1.85,29.5,54.4,32.8
55645500,-11.79,79.20,48.1,1.69,26.1,54.7,28.4
55647000,-10.20,80.51,45.5,1.89,30.7,54.9,34.0
55648500,-12.05,79.64,48.2,1.67,25.3,54.4,27.7
55650000,-10.12,79.93,45.7,1.91,31.1,55.2,34.2
55651500,-11.47,77.79,48.5,1.73,27.2,55.6,29.3
55653000,-10.08,79.17,46.0,1.91,31.4,55.7,34.3
55654500,-11.59,78.05,48.5,1.71,26.8,55.4,29.0
55656000,-10.05,78.67,46.2,1.92,31.6,56.0,34.4
55657500,-11.09,76.97,48.4,1.77,28.6,56.2,30.5
55659000,-10.47,77.72,47.3,1.86,30.4,56.2,32.7
55660500,-11.36,76.22,49.1,1.74,27.8,56.4,29.5
55662000,-10.67,76.89,48.0,1.83,29.9,56.5,31.9
55663500,-11.00,76.01,48.8,1.78,29.0,56.8,30.7
55665000,-10.87,75.79,48.8,1.80,29.5,57.0,31.2
55666500,-11.17,76.54,48.7,1.76,28.4,56.4,30.2
55668000,-10.74,75.16,48.9,1.82,30.0,57.4,31.5
55669500,-10.21,74.67,48.5,1.89,32.0,58.1,33.4
55671000,-10.86,74.46,49.4,1.80,29.7,57.7,31.0
55672500,-10.34,75.02,48.5,1.87,31.4,57.8,32.9
55674000,-11.21,75.04,49.5,1.76,28.5,57.1,29.9
55675500,-10.06,76.58,47.3,1.92,32.1,57.1,34.1
55677000,-11.59,74.37,50.2,1.71,27.3,57.1,28.6
55678500,-10.18,76.72,47.4,1.90,31.6,57.0,33.7
55680000,-11.36,74.07,50.1,1.74,28.1,57.5,29.3
55681500,-9.92,76.33,47.2,1.94,32.6,57.4,34.6
55683000,-11.53,76.73,49.0,1.72,27.2,56.1,29.0
55684500,-9.72,77.04,46.5,1.97,33.1,57.1,35.5
55686000,-11.08,74.99,49.4,1.77,28.9,57.2,30.3
55687500,-9.70,76.41,46.8,1.97,33.4,57.5,35.5
55689000,-11.20,75.52,49.3,1.76,28.4,56.9,30.0
55690500,-9.66,76.13,46.9,1.98,33.6,57.7,35.6
55692000,-10.63,74.38,49.2,1.83,30.5,57.9,31.8
55693500,-9.89,76.17,47.3,1.94,32.8,57.5,34.7
55695000,-10.86,75.70,48.8,1.80,29.5,57.0,31.1
55696500,-10.16,76.18,47.6,1.90,31.8,57.3,33.7
55698000,-10.51,74.84,48.8,1.85,30.8,57.8,32.3
55699500,-10.30,75.45,48.2,1.88,31.5,57.6,33.1
55701000,-10.65,75.22,48.8,1.83,30.3,57.4,31.8
55702500,-10.16,75.15,48.2,1.90,32.0,57.9,33.6
55704000,-9.75,73.50,48.5,1.97,33.9,59.2,34.9
55705500,-10.29,74.88,48.5,1.88,31.6,57.9,33.1
55707000,-9.81,74.08,48.3,1.96,33.5,58.8,34.8
55708500,-10.61,75.13,48.8,1.84,30.5,57.5,32.0
55710000,-9.63,74.96,47.5,1.99,34.0,58.4,35.6
55711500,-11.01,75.10,49.3,1.78,29.1,57.2,30.6
55713000,-9.72,75.32,47.5,1.97,33.6,58.1,35.3
55714500,-10.76,73.91,49.6,1.82,30.2,58.1,31.3
55716000,-9.48,74.92,47.3,2.01,34.5,58.6,36.1
55717500,-11.03,74.13,49.8,1.78,29.2,57.7,30.4
55719000,-9.33,74.42,47.3,2.04,35.3,59.0,36.7
55720500,-10.61,72.44,50.2,1.84,30.9,59.0,31.6
55722000,-9.40,72.35,48.7,2.03,35.5,60.3,36.1
55723500,-10.85,70.34,51.6,1.80,30.4,59.9,30.5
55725000,-9.35,72.09,48.8,2.03,35.8,60.5,36.3
55726500,-10.08,69.91,51.1,1.91,33.3,61.0,33.1
55728000,-9.53,71.81,49.2,2.00,35.1,60.5,35.5
55729500,-10.46,71.81,50.4,1.86,31.6,59.5,32.1
55731000,-9.79,71.75,49.6,1.96,34.1,60.2,34.5
55732500,-10.09,70.67,50.6,1.91,33.1,60.5,33.2
55734000,-9.99,71.29,50.1,1.93,33.4,60.3,33.7
55735500,-10.26,70.93,50.7,1.89,32.5,60.2,32.7
55737000,-9.80,70.53,50.4,1.96,34.3,60.9,34.3
55738500,-9.40,69.84,50.2,2.03,36.1,61.9,35.7
55740000,-9.98,70.29,50.7,1.93,33.6,60.9,33.5
55741500,-9.51,70.19,50.2,2.01,35.6,61.5,35.3
55743000,-10.15,70.36,50.9,1.90,33.0,60.6,32.9
55744500,-9.24,72.79,48.2,2.05,36.0,60.1,36.8
55746000,-10.54,72.67,50.0,1.85,31.1,58.9,31.9
55747500,-9.35,72.67,48.4,2.03,35.6,60.1,36.4
55749000,-10.22,71.45,50.3,1.89,32.5,59.9,32.9
55750500,-9.02,72.34,48.0,2.10,37.0,60.7,37.6
55752000,-10.57,71.94,50.5,1.84,31.2,59.3,31.7
55753500,-8.98,71.93,48.2,2.10,37.3,61.0,37.8
55755000,-10.25,70.04,51.2,1.89,32.7,60.7,32.5
55756500,-8.95,71.34,48.5,2.11,37.6,61.4,37.8
55758000,-10.36,70.55,51.0,1.87,32.1,60.3,32.2
55759500,-8.90,71.50,48.3,2.12,37.8,61.4,38.0
55761000,-9.79,69.62,50.9,1.96,34.5,61.5,34.2
55762500,-8.99,71.35,48.6,2.10,37.4,61.3,37.6
55764000,-10.02,70.41,50.7,1.92,33.5,60.8,33.4
55765500,-9.34,71.22,49.3,2.04,36.0,61.0,36.2
55767000,-9.72,69.60,50.8,1.97,34.8,61.6,34.4
55768500,-9.50,71.00,49.6,2.01,35.4,61.0,35.5
55770000,-9.90,69.90,50.9,1.94,34.0,61.2,33.8
55771500,-9.39,70.63,49.7,2.03,36.0,61.4,35.9
55773000,-9.01,68.92,50.2,2.10,38.0,63.0,37.1
55774500,-9.49,70.73,49.8,2.01,35.5,61.2,35.5
55776000,-9.08,69.28,50.1,2.08,37.6,62.6,36.9
55777500,-9.70,70.48,50.2,1.97,34.7,61.1,34.7
55779000,-8.92,69.58,49.6,2.12,38.2,62.6,37.6
55780500,-10.10,70.34,50.8,1.91,33.2,60.7,33.1
55782000,-9.02,70.36,49.3,2.10,37.6,62.0,37.3
55783500,-10.02,67.43,52.5,1.92,34.0,62.6,32.9
55785000,-8.92,68.91,50.1,2.12,38.4,63.1,37.5
55786500,-10.26,67.22,52.9,1.89,33.1,62.4,32.0
55788000,-8.71,68.61,49.9,2.16,39.4,63.6,38.3
55789500,-9.94,65.80,53.5,1.93,34.6,63.7,32.9
55791000,-8.69,68.00,50.3,2.16,39.7,64.0,38.2
55792500,-10.10,65.85,53.6,1.91,33.9,63.4,32.3
55794000,-8.66,67.80,50.4,2.17,39.9,64.2,38.4
55795500,-9.45,65.71,53.0,2.02,36.7,64.5,34.7
55797000,-8.68,67.72,50.5,2.16,39.8,64.3,38.2
55798500,-9.67,66.01,53.1,1.98,35.7,63.9,33.9
55800000,-9.05,67.63,51.1,2.09,38.1,63.8,36.7
55801500,-9.40,65.96,52.8,2.02,36.9,64.4,35.0
55803000,-9.20,67.07,51.8,2.06,37.5,63.9,36.0
55804500,-9.59,66.02,53.0,1.99,36.0,64.1,34.2
55806000,-8.99,68.51,50.5,2.10,38.2,63.3,37.1
55807500,-8.70,66.69,51.2,2.16,40.0,65.0,37.9
55809000,-9.12,68.76,50.5,2.08,37.5,62.9,36.6
55810500,-8.76,67.11,51.0,2.15,39.6,64.6,37.8
55812000,-9.23,68.52,50.8,2.06,37.1,62.9,36.1
55813500,-8.59,67.07,50.8,2.19,40.4,64.9,38.5
55815000,-9.71,68.35,51.6,1.97,35.1,62.4,34.3
55816500,-8.69,68.00,50.3,2.16,39.7,64.1,38.3
55818000,-9.51,67.82,51.7,2.00,36.0,63.0,34.9
55819500,-8.55,67.81,50.2,2.19,40.3,64.4,38.8
55821000,-9.74,67.79,52.0,1.97,35.1,62.7,34.0
55822500,-8.31,67.66,49.8,2.25,41.5,64.9,39.8
55824000,-9.47,65.69,53.0,2.01,36.6,64.5,34.6
55825500,-8.28,66.96,50.3,2.25,41.9,65.4,39.8
55827000,-9.64,66.11,52.9,1.98,35.8,63.9,34.1
55828500,-8.26,67.24,50.0,2.26,41.9,65.3,40.0
55830000,-9.07,65.50,52.6,2.09,38.5,65.2,36.2
55831500,-8.27,67.40,49.9,2.26,41.8,65.1,39.9
55833000,-9.25,66.04,52.5,2.05,37.6,64.6,35.6
55834500,-8.60,66.94,50.9,2.18,40.4,64.9,38.4
55836000,-9.00,65.17,52.8,2.10,38.9,65.6,36.4
55837500,-8.76,66.87,51.2,2.15,39.6,64.7,37.7
55839000,-9.18,65.36,52.9,2.07,38.0,65.1,35.7
55840500,-8.66,66.64,51.2,2.17,40.2,65.1,38.1
55842000,-8.41,64.81,52.1,2.22,41.8,66.8,38.7
55843500,-8.78,66.92,51.2,2.14,39.5,64.7,37.6
55845000,-8.47,63.84,53.0,2.21,41.8,67.5,38.3
55846500,-8.92,64.60,53.1,2.11,39.4,66.1,36.6
55848000,-8.35,63.61,53.0,2.24,42.5,67.9,38.7
55849500,-9.40,64.06,54.1,2.03,37.2,65.7,34.5
55851000,-8.46,64.80,52.2,2.21,41.6,66.8,38.5
55852500,-9.25,64.09,53.9,2.05,37.9,65.9,35.1
55854000,-8.34,64.71,52.1,2.24,42.3,67.1,39.1
55855500,-9.46,63.75,54.4,2.02,37.0,65.8,34.3
55857000,-8.09,64.64,51.7,2.30,43.5,67.6,40.1
55858500,-9.22,62.02,55.4,2.06,38.4,67.4,34.8
55860000,-8.07,64.05,52.1,2.31,43.8,68.1,40.1
55861500,-9.38,62.16,55.4,2.03,37.6,67.0,34.2
55863000,-8.05,64.24,51.9,2.31,43.9,67.9,40.2
55864500,-8.78,61.87,55.0,2.14,40.7,68.4,36.5
55866000,-8.03,64.12,51.9,2.32,44.0,68.1,40.3
55867500,-8.91,64.21,53.4,2.12,39.5,66.4,36.5
55869000,-8.28,65.21,51.6,2.25,42.4,66.8,39.4
55870500,-8.68,63.08,53.9,2.16,40.9,67.7,37.2
55872000,-8.43,64.94,52.1,2.22,41.7,66.7,38.7
55873500,-8.84,63.29,54.0,2.13,40.1,67.2,36.6
55875000,-8.35,64.43,52.3,2.24,42.2,67.2,38.9
55876500,-8.10,62.81,53.1,2.30,44.0,69.0,39.6
55878000,-8.47,65.27,51.9,2.21,41.4,66.4,38.6
55879500,-8.12,63.29,52.8,2.29,43.8,68.6,39.7
55881000,-8.48,64.83,52.2,2.21,41.5,66.7,38.5
55882500,-8.01,62.91,52.9,2.32,44.5,69.1,40.1
55884000,-8.95,64.69,53.1,2.11,39.2,66.0,36.5
55885500,-8.07,63.85,52.2,2.30,43.9,68.2,40.0
55887000,-8.81,64.44,53.0,2.14,40.0,66.4,37.0
55888500,-7.99,63.63,52.3,2.33,44.4,68.6,40.3
55890000,-9.02,64.29,53.5,2.10,39.0,66.2,36.1
55891500,-7.74,63.53,51.8,2.39,45.7,69.1,41.4
55893000,-8.76,62.07,54.8,2.15,40.7,68.3,36.6
55894500,-7.72,63.22,52.0,2.40,46.0,69.4,41.5
55896000,-8.94,62.39,54.8,2.11,39.7,67.7,36.0
55897500,-7.69,63.53,51.7,2.41,46.0,69.2,41.7
55899000,-8.41,61.87,54.4,2.22,42.6,69.1,38.1
55900500,-7.67,63.82,51.4,2.41,46.0,69.0,41.8
55902000,-8.59,62.38,54.3,2.18,41.5,68.4,37.4
55903500,-7.95,63.37,52.4,2.33,44.6,68.8,40.4
55905000,-8.37,61.07,55.0,2.23,43.0,69.8,38.0
55906500,-8.24,61.71,54.3,2.26,43.6,69.6,38.7
55908000,-8.60,60.16,56.1,2.18,41.9,70.0,36.8
55909500,-8.13,61.22,54.5,2.29,44.3,70.2,39.1
55911000,-7.98,59.92,55.4,2.33,45.5,71.6,39.4
55912500,-8.24,61.75,54.3,2.26,43.5,69.6,38.7
55914000,-7.91,60.42,54.8,2.35,45.8,71.4,39.9
55915500,-8.21,61.53,54.4,2.27,43.8,69.8,38.8
55917000,-7.77,59.95,55.0,2.38,46.7,72.1,40.4
55918500,-8.71,60.73,55.8,2.16,41.3,69.4,36.5
55920000,-7.88,61.06,54.2,2.35,45.7,70.9,40.2
55921500,-8.60,60.90,55.5,2.18,41.8,69.5,37.0
55923000,-7.77,61.02,54.0,2.38,46.4,71.2,40.7
55924500,-8.81,60.57,56.0,2.14,40.8,69.3,36.0
55926000,-7.61,60.97,53.7,2.43,47.4,71.6,41.4
55927500,-8.56,58.85,57.1,2.19,42.4,71.2,36.6
55929000,-7.43,61.47,52.9,2.48,48.2,71.5,42.3
55930500,-8.61,60.71,55.7,2.18,41.8,69.6,36.9
55932000,-7.43,61.80,52.6,2.48,48.1,71.3,42.5
55933500,-8.11,60.27,55.3,2.30,44.6,71.1,38.9
55935000,-7.41,62.20,52.2,2.48,48.0,70.9,42.6
55936500,-8.30,60.77,55.2,2.25,43.5,70.2,38.2
55938000,-7.66,61.51,53.4,2.41,46.8,71.0,41.3
55939500,-8.06,59.11,56.2,2.31,45.2,72.1,38.8
55941000,-7.85,61.47,53.8,2.36,45.8,70.6,40.4
55942500,-8.22,59.60,56.0,2.27,44.2,71.4,38.3
55944000,-7.77,60.97,54.1,2.38,46.4,71.3,40.7
55945500,-7.69,59.36,55.3,2.41,47.4,72.8,40.6
55947000,-7.89,61.86,53.5,2.35,45.4,70.2,40.3
55948500,-7.55,59.90,54.6,2.44,48.0,72.7,41.3
55950000,-7.81,61.67,53.5,2.37,46.0,70.6,40.7
55951500,-7.45,59.20,55.0,2.47,48.9,73.6,41.6
55953000,-8.32,61.35,54.7,2.24,43.2,69.7,38.3
55954500,-7.54,60.11,54.3,2.45,48.0,72.5,41.5
55956000,-8.18,61.18,54.6,2.28,44.0,70.2,38.9
55957500,-7.47,60.15,54.2,2.47,48.4,72.7,41.8
55959000,-8.38,61.12,55.0,2.23,42.9,69.8,38.0
55960500,-7.26,60.15,53.7,2.53,49.7,73.2,42.8
55962000,-8.15,58.84,56.6,2.29,44.8,72.2,38.3
55963500,-7.20,59.91,53.8,2.55,50.2,73.5,43.0
55965000,-8.31,59.07,56.6,2.25,43.8,71.6,37.7
55966500,-7.20,60.15,53.5,2.55,50.1,73.3,43.1
55968000,-7.91,57.25,57.7,2.35,46.5,74.1,38.9
55969500,-7.25,59.37,54.4,2.53,50.0,73.9,42.6
55971000,-8.08,57.50,57.7,2.30,45.5,73.5,38.2
55972500,-7.44,58.89,55.3,2.48,49.1,73.9,41.6
55974000,-7.84,56.21,58.6,2.36,47.2,75.2,38.9
55975500,-7.66,58.64,55.9,2.41,47.8,73.6,40.5
55977000,-8.01,56.78,58.3,2.32,46.1,74.3,38.3
55978500,-7.59,58.22,56.2,2.43,48.3,74.1,40.7
55980000,-7.51,56.72,57.5,2.46,49.3,75.7,40.6
55981500,-7.72,58.82,55.9,2.40,47.3,73.2,40.2
55983000,-7.38,57.39,56.6,2.49,49.9,75.5,41.4
55984500,-7.63,58.53,56.0,2.42,48.0,73.7,40.6
55986000,-7.26,56.66,57.1,2.53,50.9,76.5,41.7
55987500,-8.10,57.96,57.3,2.30,45.2,73.0,38.3
55989000,-7.37,57.64,56.3,2.50,49.9,75.2,41.5
55990500,-7.94,59.53,55.7,2.34,45.8,72.1,39.5
55992000,-7.22,58.48,55.2,2.54,50.6,74.8,42.5
55993500,-8.09,59.57,55.9,2.30,44.9,71.7,38.8
55995000,-7.09,58.32,55.0,2.58,51.4,75.3,43.1
55996500,-7.88,57.36,57.5,2.35,46.8,74.1,39.1
55998000,-6.95,58.23,54.8,2.63,52.4,75.8,43.8
55999500,-8.03,57.63,57.5,2.32,45.8,73.5,38.5
56001000,-6.95,58.54,54.5,2.63,52.3,75.5,43.8
56002500,-7.57,57.10,57.3,2.44,48.7,75.2,40.4
56004000,-6.94,59.08,53.9,2.63,52.1,75.0,44.0
56005500,-7.74,57.75,56.9,2.39,47.5,74.1,39.8
56007000,-7.09,58.51,54.8,2.58,51.4,75.1,43.1
56008500,-7.52,55.78,58.5,2.45,49.4,76.6,40.2
56010000,-7.32,58.33,55.5,2.51,50.0,74.7,42.0
56011500,-7.66,56.41,58.1,2.41,48.3,75.6,39.8
56013000,-7.25,57.93,55.8,2.53,50.6,75.3,42.2
56014500,-7.25,56.08,57.6,2.53,51.2,77.1,41.6
56016000,-7.36,59.04,55.0,2.50,49.5,73.9,42.0
56017500,-7.08,56.83,56.5,2.59,52.1,76.8,42.7
56019000,-7.30,58.71,55.1,2.52,50.0,74.4,42.2
56020500,-6.97,56.10,57.0,2.62,53.1,77.9,43.0
56022000,-7.71,58.44,56.2,2.40,47.5,73.6,40.2
56023500,-7.06,56.85,56.4,2.59,52.2,76.9,42.8
56025000,-7.63,58.11,56.4,2.42,48.1,74.1,40.4
56026500,-7.00,56.86,56.3,2.62,52.6,77.0,43.1
56028000,-7.80,58.05,56.7,2.38,47.1,73.7,39.7
56029500,-6.96,56.11,57.0,2.63,53.1,77.9,43.0
56031000,-7.68,54.50,60.0,2.41,48.7,77.3,39.1
56032500,-6.81,56.05,56.7,2.68,54.2,78.4,43.7
56034000,-7.85,54.60,60.2,2.36,47.5,76.7,38.3
56035500,-6.78,56.04,56.6,2.69,54.4,78.5,43.9
56037000,-7.40,54.53,59.5,2.49,50.6,78.1,40.3
56038500,-6.81,56.64,56.0,2.68,54.0,77.8,44.0
56040000,-7.55,54.82,59.5,2.44,49.5,77.4,39.7
56041500,-6.89,56.14,56.8,2.65,53.7,78.1,43.4
56043000,-7.31,53.22,60.8,2.51,51.5,79.7,40.3
56044500,-7.16,55.72,57.8,2.56,51.9,77.7,41.9
56046000,-7.49,53.92,60.3,2.46,50.1,78.4,39.7
56047500,-7.10,55.42,58.0,2.58,52.4,78.2,42.1
56049000,-7.05,53.78,59.7,2.60,53.3,80.0,41.7
56050500,-7.21,56.15,57.5,2.54,51.4,77.1,41.8
56052000,-6.92,55.16,57.9,2.64,53.8,79.0,42.9
56053500,-7.07,57.21,56.1,2.59,52.0,76.5,42.8
56055000,-6.76,54.73,58.0,2.70,55.1,80.0,43.5
56056500,-7.45,57.09,57.0,2.47,49.5,75.5,41.0
56058000,-6.82,55.31,57.5,2.68,54.4,79.2,43.4
56059500,-7.38,56.67,57.3,2.49,50.1,76.1,41.2
56061000,-6.78,55.34,57.4,2.69,54.7,79.3,43.6
56062500,-7.54,56.76,57.5,2.45,49.0,75.6,40.4
56064000,-6.73,55.22,57.4,2.71,55.1,79.5,43.8
56065500,-7.34,54.59,59.4,2.51,51.0,78.3,40.7
56067000,-6.52,55.35,56.6,2.79,56.6,80.1,45.0
56068500,-7.49,54.76,59.5,2.46,49.9,77.6,40.0
56070000,-6.51,55.38,56.6,2.79,56.7,80.1,45.1
56071500,-7.09,54.48,59.0,2.58,52.8,79.2,41.8
56073000,-6.54,56.15,55.8,2.78,56.1,79.2,45.2
56074500,-7.24,54.89,58.9,2.54,51.6,78.3,41.2
56076000,-6.59,55.77,56.4,2.76,55.9,79.4,44.8
56077500,-7.01,52.84,60.7,2.61,53.8,81.1,41.6
56079000,-6.84,55.50,57.3,2.67,54.2,78.9,43.4
56080500,-7.16,53.53,60.2,2.56,52.6,79.9,41.1
56082000,-6.79,55.22,57.5,2.69,54.7,79.4,43.6
56083500,-6.84,53.17,59.9,2.67,55.1,81.4,42.6
56085000,-6.91,56.08,56.9,2.65,53.5,78.1,43.3
56086500,-6.66,53.95,58.6,2.73,56.1,81.1,43.7
56088000,-6.83,55.89,56.9,2.67,54.1,78.5,43.6
56089500,-6.56,53.35,59.0,2.77,57.1,82.2,44.1
56091000,-7.24,54.34,59.5,2.54,51.8,78.8,41.1
56092500,-6.69,53.11,59.7,2.72,56.2,82.0,43.3
56094000,-7.22,53.92,59.9,2.54,52.0,79.3,41.0
56095500,-6.61,53.39,59.1,2.75,56.7,81.9,43.8
56097000,-7.41,53.82,60.3,2.48,50.7,78.8,40.0
56098500,-6.62,53.13,59.5,2.75,56.7,82.2,43.7
56100000,-7.20,52.12,61.8,2.55,52.6,81.2,40.4
56101500,-6.40,53.42,58.5,2.84,58.4,82.6,44.9
56103000,-7.34,52.16,62.0,2.50,51.6,80.7,39.7
56104500,-6.39,53.11,58.9,2.84,58.6,83.1,44.9
56106000,-6.95,51.96,61.6,2.63,54.6,82.3,41.6
56107500,-6.39,53.93,57.9,2.84,58.2,82.1,45.1
56109000,-7.08,52.37,61.4,2.59,53.5,81.4,41.1
56110500,-6.43,53.64,58.3,2.82,58.0,82.3,44.9
56112000,-6.85,50.62,63.0,2.66,55.7,84.1,41.5
56113500,-6.66,54.09,58.5,2.73,56.1,81.0,43.8
56115000,-6.93,52.21,61.2,2.64,54.7,82.1,41.8
56116500,-6.58,53.91,58.4,2.76,56.7,81.5,44.1
56118000,-6.65,51.77,61.2,2.74,57.0,83.6,43.0
56119500,-6.70,54.82,57.7,2.72,55.5,80.1,43.9
56121000,-6.50,52.48,59.9,2.80,58.0,83.4,44.1
56122500,-6.63,54.64,57.8,2.75,56.1,80.5,44.2
56124000,-6.37,52.06,60.1,2.85,59.2,84.3,44.6
56125500,-6.92,54.58,58.5,2.64,54.0,79.6,42.7
56127000,-6.41,52.57,59.6,2.83,58.6,83.6,44.5
56128500,-6.91,53.98,59.2,2.65,54.3,80.3,42.5
56130000,-6.36,52.53,59.5,2.85,59.1,83.8,44.8
56131500,-7.06,54.11,59.4,2.59,53.1,79.6,41.8
56133000,-6.37,52.43,59.6,2.85,59.0,83.9,44.7
56134500,-6.86,52.10,61.2,2.66,55.3,82.5,42.1
56136000,-6.14,52.69,58.6,2.95,60.8,84.4,46.0
56137500,-7.00,52.29,61.3,2.62,54.1,81.8,41.5
56139000,-6.12,52.52,58.8,2.95,61.0,84.7,46.1
56140500,-6.65,51.99,60.9,2.74,56.9,83.4,43.1
56142000,-6.14,53.61,57.5,2.95,60.3,83.3,46.4
56143500,-6.80,52.40,60.8,2.68,55.6,82.3,42.5
56145000,-6.17,53.22,58.1,2.93,60.3,83.7,46.1
56146500,-6.58,50.52,62.6,2.76,58.0,85.3,42.8
56148000,-6.41,53.02,59.0,2.83,58.5,83.1,44.7
56149500,-6.70,51.06,62.1,2.72,56.9,84.2,42.5
56151000,-6.38,52.66,59.4,2.84,58.8,83.6,44.7
56152500,-6.47,49.88,63.1,2.81,59.2,86.5,43.2
56154000,-6.57,52.21,60.4,2.77,57.5,83.4,43.6
56155500,-6.41,50.39,62.3,2.83,59.5,86.2,43.7
56157000,-6.51,52.29,60.2,2.79,58.0,83.6,43.9
56158500,-6.23,50.05,62.3,2.90,61.2,87.3,44.5
56160000,-6.75,52.11,61.0,2.70,56.1,82.9,42.6
56161500,-6.29,50.51,61.9,2.88,60.5,86.5,44.4
56163000,-6.80,51.61,61.7,2.68,55.9,83.2,42.2
56164500,-6.23,50.67,61.5,2.91,60.9,86.5,44.7
56166000,-6.95,51.48,62.1,2.63,54.7,82.8,41.4
56167500,-6.26,50.44,61.9,2.89,60.7,86.7,44.5
56169000,-6.75,49.77,63.9,2.70,56.8,85.5,41.7
56170500,-6.03,50.84,60.7,2.99,62.6,87.1,45.9
56172000,-6.88,49.83,64.0,2.66,55.7,84.9,41.0
56173500,-6.01,50.60,60.9,3.01,62.9,87.6,45.9
56175000,-6.52,50.46,62.5,2.79,58.6,85.6,43.1
56176500,-5.98,52.27,58.7,3.02,62.3,85.6,46.7
56178000,-6.58,51.20,61.7,2.77,57.8,84.5,43.1
56179500,-5.98,52.05,58.9,3.02,62.4,85.8,46.7
56181000,-6.39,49.40,63.6,2.84,60.0,87.4,43.3
56182500,-6.23,51.77,60.1,2.91,60.4,85.2,45.2
56184000,-6.50,49.90,63.2,2.80,58.9,86.4,43.0
56185500,-6.19,51.49,60.3,2.92,60.9,85.7,45.3
56187000,-6.29,49.29,63.5,2.88,61.0,88.0,43.8
56188500,-6.30,52.10,59.8,2.88,59.8,84.6,45.0
56190000,-6.21,49.84,62.5,2.91,61.4,87.7,44.5
56191500,-6.26,52.18,59.6,2.89,60.0,84.6,45.2
56193000,-5.99,49.76,62.0,3.01,63.4,88.7,45.6
56194500,-6.44,52.33,60.0,2.82,58.5,83.8,44.3
56196000,-6.04,50.00,61.8,2.99,62.9,88.2,45.5
56197500,-6.49,51.69,60.9,2.80,58.3,84.3,43.8
56199000,-6.00,49.92,61.8,3.01,63.3,88.5,45.7
56200500,-6.64,51.73,61.2,2.74,57.1,83.7,43.1
56202000,-6.01,49.84,61.9,3.01,63.3,88.5,45.6
56203500,-6.43,49.85,63.1,2.83,59.6,86.7,43.4
56205000,-5.79,50.18,60.7,3.11,65.1,89.0,47.0
56206500,-6.58,50.00,63.2,2.77,58.2,85.9,42.6
56208000,-5.76,50.00,60.9,3.13,65.5,89.4,47.1
56209500,-6.28,49.57,63.1,2.89,61.0,87.7,44.0
56211000,-5.80,51.03,59.6,3.10,64.5,87.8,47.2
56212500,-6.38,50.02,62.7,2.84,59.9,86.7,43.7
56214000,-5.81,50.33,60.6,3.10,64.8,88.7,46.9
56215500,-6.28,47.70,65.6,2.89,61.7,90.1,43.2
56217000,-6.09,49.76,62.3,2.97,62.6,88.3,45.1
56218500,-6.42,48.06,65.4,2.83,60.3,89.0,42.6
56220000,-6.09,49.51,62.6,2.97,62.6,88.6,45.0
56221500,-6.19,47.27,66.1,2.92,62.6,91.0,43.5
56223000,-6.19,49.72,62.6,2.92,61.7,87.9,44.6
56224500,-6.15,47.83,65.2,2.94,62.8,90.5,43.9
56226000,-6.15,50.07,62.1,2.94,61.9,87.6,44.9
56227500,-5.87,47.86,64.3,3.07,65.5,91.8,45.5
56229000,-6.31,50.05,62.5,2.87,60.5,87.0,44.1
56230500,-5.93,48.10,64.2,3.04,64.8,91.2,45.3
56232000,-6.37,49.43,63.5,2.85,60.2,87.5,43.5
56233500,-5.88,48.31,63.7,3.07,65.2,91.1,45.7
56235000,-6.53,49.35,64.0,2.78,58.8,86.9,42.6
56236500,-5.88,48.36,63.6,3.07,65.2,91.1,45.7
56238000,-6.23,48.81,64.0,2.91,61.7,88.9,44.0
56239500,-5.64,49.03,61.8,3.19,67.1,91.3,47.4
56241000,-6.35,48.92,64.1,2.86,60.6,88.2,43.4
56242500,-5.60,48.81,62.0,3.21,67.6,91.8,47.5
56244000,-6.10,48.54,64.0,2.96,63.0,89.8,44.5
56245500,-5.65,49.85,60.7,3.18,66.5,90.1,47.6
56247000,-6.19,49.03,63.6,2.93,62.0,88.8,44.3
56248500,-5.65,49.74,60.9,3.18,66.6,90.2,47.6
56250000,-6.06,47.74,65.0,2.98,63.7,91.1,44.4
56251500,-5.85,49.48,61.9,3.08,64.9,89.7,46.3
56253000,-6.14,47.98,64.9,2.95,62.8,90.3,44.1
56254500,-5.84,49.17,62.3,3.09,65.2,90.2,46.3
56256000,-5.95,46.89,66.0,3.03,65.1,92.7,44.6
56257500,-5.91,49.50,62.1,3.05,64.3,89.4,46.0
56259000,-5.93,47.38,65.2,3.04,65.2,92.2,45.0
56260500,-5.90,49.94,61.5,3.06,64.2,88.9,46.2
56262000,-5.64,47.42,64.2,3.19,67.9,93.5,46.6
56263500,-6.02,50.23,61.4,3.00,62.9,88.0,45.7
56265000,-5.71,47.75,64.0,3.15,67.1,92.7,46.4
56266500,-6.10,49.38,62.8,2.96,62.6,88.7,44.9
56268000,-5.68,47.70,63.9,3.17,67.4,92.9,46.5
56269500,-6.24,49.50,63.1,2.90,61.3,88.0,44.2
56271000,-5.68,47.51,64.2,3.17,67.5,93.2,46.4
56272500,-6.05,47.88,64.8,2.98,63.7,90.9,44.5
56274000,-5.49,47.73,63.2,3.27,69.3,93.8,47.6
56275500,-6.22,47.08,66.4,2.91,62.5,91.2,43.3
56277000,-5.52,47.19,64.2,3.25,69.3,94.5,47.2
56278500,-6.02,46.40,66.9,3.00,64.6,93.0,44.0
56280000,-5.55,48.09,62.9,3.24,68.5,93.0,47.4
56281500,-6.12,46.84,66.5,2.96,63.5,92.0,43.7
56283000,-5.55,47.96,63.1,3.24,68.6,93.2,47.4
56284500,-5.97,45.98,67.4,3.03,65.3,93.9,44.1
56286000,-5.74,47.67,64.2,3.14,66.8,92.7,46.2
56287500,-6.06,46.23,67.3,2.98,64.3,93.1,43.7
56289000,-5.76,47.40,64.6,3.13,66.8,93.0,45.9
56290500,-5.87,45.06,68.6,3.07,66.7,95.7,44.2
56292000,-5.82,47.45,64.8,3.10,66.2,92.6,45.6
56293500,-5.88,45.56,67.9,3.07,66.3,94.9,44.4
56295000,-5.82,47.93,64.1,3.10,66.0,91.9,45.8
56296500,-5.55,45.76,66.5,3.24,69.8,96.4,46.4
56298000,-5.87,48.78,63.0,3.07,65.0,90.5,45.9
56299500,-5.56,46.66,65.1,3.23,69.2,95.0,46.7
56301000,-5.93,48.35,63.8,3.04,64.7,90.8,45.4
56302500,-5.50,46.52,65.2,3.26,69.8,95.5,47.0
56304000,-6.07,48.49,64.0,2.98,63.3,90.0,44.7
56305500,-5.52,46.37,65.4,3.25,69.8,95.7,46.8
56307000,-5.88,46.79,65.9,3.07,65.9,93.2,45.0
56308500,-5.37,46.69,64.4,3.34,71.1,95.9,47.9
56310000,-6.01,47.03,65.9,3.01,64.5,92.2,44.4
56311500,-5.30,46.62,64.2,3.38,71.9,96.4,48.2
56313000,-5.79,46.42,66.2,3.11,67.0,94.2,45.3
56314500,-5.34,47.52,62.9,3.36,71.0,94.9,48.4
56316000,-5.85,46.81,65.8,3.08,66.2,93.3,45.1
56317500,-5.34,47.49,63.0,3.36,71.0,94.9,48.4
56319000,-5.73,45.97,66.8,3.14,67.8,95.1,45.4
56320500,-5.50,47.39,63.8,3.26,69.4,94.3,47.4
56322000,-5.82,46.14,66.8,3.10,66.8,94.4,45.0
56323500,-5.51,46.98,64.5,3.26,69.5,94.8,47.1
56325000,-5.62,44.83,68.3,3.20,69.4,97.4,45.5
56326500,-5.59,47.11,64.5,3.22,68.7,94.2,46.8
56328000,-5.65,45.23,67.7,3.18,68.9,96.6,45.5
56329500,-5.58,47.67,63.7,3.22,68.4,93.4,47.1
56331000,-5.35,45.36,66.5,3.35,72.2,98.1,47.4
56332500,-5.68,48.19,63.2,3.17,67.2,92.3,46.8
56334000,-5.41,45.71,66.1,3.32,71.3,97.3,47.2
56335500,-5.77,47.37,64.7,3.12,66.7,93.0,45.9
56337000,-5.40,45.23,66.9,3.32,71.7,98.1,47.0
56338500,-6.00,46.46,66.8,3.01,64.8,93.0,44.1
56340000,-5.44,44.79,67.8,3.29,71.4,98.5,46.5
56341500,-5.80,45.02,68.5,3.10,67.4,96.1,44.5
56343000,-5.31,45.10,66.7,3.37,72.8,98.7,47.5
56344500,-5.94,45.07,68.8,3.04,65.9,95.3,43.8
56346000,-5.22,45.20,66.2,3.43,73.7,99.1,48.0
56347500,-5.73,44.55,69.1,3.14,68.4,97.2,44.7
56349000,-5.26,45.76,65.5,3.40,72.9,98.0,48.1
56350500,-5.81,44.90,68.7,3.10,67.4,96.2,44.4
56352000,-5.27,45.93,65.2,3.40,72.7,97.7,48.1
56353500,-5.66,44.38,69.1,3.18,69.2,97.9,45.0
56355000,-5.39,45.79,65.9,3.33,71.5,97.2,47.3
56356500,-5.76,44.54,69.2,3.13,68.1,97.0,44.5
56358000,-5.44,45.38,66.8,3.30,71.1,97.6,46.8
56359500,-5.53,43.39,70.5,3.25,71.1,100.1,45.3
56361000,-5.42,46.09,65.5,3.31,71.0,96.6,47.3
56362500,-5.52,44.11,69.2,3.25,70.9,99.1,45.7
56364000,-5.43,46.77,64.5,3.30,70.5,95.5,47.5
56365500,-5.20,44.39,67.6,3.44,74.4,100.5,47.8
56367000,-5.52,47.13,64.3,3.25,69.3,94.5,47.2
56368500,-5.26,44.62,67.4,3.40,73.6,99.8,47.5
56370000,-5.60,46.34,65.8,3.21,68.9,95.3,46.4
56371500,-5.21,44.41,67.6,3.43,74.3,100.4,47.7
56373000,-5.73,46.46,66.0,3.14,67.6,94.4,45.7
56374500,-5.24,44.28,67.9,3.42,74.1,100.5,47.5
56376000,-5.55,45.16,67.5,3.24,70.1,97.3,46.1
56377500,-5.13,44.51,67.0,3.49,75.2,100.7,48.3
56379000,-5.67,45.17,67.9,3.17,68.8,96.6,45.4
56380500,-5.03,44.56,66.5,3.55,76.3,101.2,48.9
56382000,-5.48,44.44,68.5,3.28,71.2,98.8,46.1
56383500,-5.06,45.26,65.5,3.53,75.4,99.9,49.0
56385000,-5.57,44.90,68.0,3.22,70.0,97.6,45.8
56386500,-5.07,45.48,65.1,3.53,75.2,99.5,49.1
56388000,-5.44,44.30,68.6,3.30,71.7,99.2,46.3
56389500,-5.18,45.49,65.6,3.45,74.0,98.8,48.4
56391000,-5.52,44.60,68.4,3.25,70.7,98.3,46.0
56392500,-5.21,45.02,66.5,3.43,73.9,99.4,48.0
56394000,-5.32,42.97,70.5,3.37,73.8,102.1,46.3
56395500,-5.28,45.12,66.6,3.39,73.1,98.9,47.6
56397000,-5.37,43.22,70.3,3.34,73.0,101.3,46.1
56398500,-5.31,45.04,66.9,3.37,72.7,98.8,47.4
56400000,-5.12,42.98,69.8,3.49,76.2,103.4,47.5
56401500,-5.45,45.33,66.9,3.29,71.1,97.6,46.7
56403000,-5.18,43.20,69.6,3.45,75.3,102.6,47.2
56404500,-5.49,44.48,68.5,3.27,71.0,98.7,46.1
56406000,-5.15,43.08,69.7,3.47,75.8,103.0,47.4
56407500,-5.67,44.63,68.8,3.17,69.0,97.4,45.1
56409000,-5.16,42.88,70.1,3.47,75.8,103.3,47.2
56410500,-5.47,43.32,70.4,3.28,71.9,100.6,45.6
56412000,-5.00,43.31,68.7,3.57,77.5,103.5,48.4
56413500,-5.63,43.58,70.4,3.20,70.0,99.3,44.8
56415000,-4.95,43.30,68.5,3.60,78.1,103.9,48.7
56416500,-5.38,42.72,71.2,3.33,73.2,102.1,45.8
56418000,-4.97,43.58,68.0,3.59,77.7,103.3,48.8
56419500,-5.52,43.07,71.0,3.25,71.3,100.7,45.1
56421000,-5.00,44.12,67.2,3.57,76.9,102.1,48.9
56422500,-5.27,43.30,69.8,3.40,74.2,101.9,46.8
56424000,-5.02,44.58,66.4,3.56,76.4,101.3,49.0
56425500,-5.37,43.63,69.5,3.34,72.8,100.7,46.3
56427000,-5.07,43.97,67.8,3.52,76.2,102.0,48.3
56428500,-5.15,42.09,71.6,3.47,76.3,104.7,46.8
56430000,-5.14,44.17,67.7,3.48,75.3,101.2,48.1
56431500,-5.23,42.27,71.5,3.42,75.2,103.8,46.5
56433000,-5.14,44.65,66.9,3.48,74.9,100.4,48.3
56434500,-4.94,42.51,69.9,3.61,78.8,105.3,48.4
56436000,-5.25,45.12,66.5,3.41,73.4,99.1,47.8
56437500,-4.98,42.75,69.7,3.58,78.1,104.6,48.3
56439000,-5.29,44.48,67.8,3.38,73.3,99.8,47.2
56440500,-4.95,42.52,69.9,3.60,78.6,105.2,48.3
56442000,-5.42,44.58,68.0,3.31,71.8,98.9,46.5
56443500,-4.96,42.27,70.5,3.60,78.6,105.6,48.1
56445000,-5.29,43.68,69.1,3.39,73.8,101.1,46.9
56446500,-4.92,42.48,69.9,3.62,79.0,105.5,48.5
56448000,-5.38,43.64,69.5,3.33,72.7,100.6,46.3
56449500,-4.77,42.79,68.6,3.73,80.7,105.9,49.6
56451000,-5.21,42.66,70.7,3.44,75.4,103.3,46.8
56452500,-4.79,42.97,68.3,3.72,80.4,105.5,49.6
56454000,-5.29,43.10,70.2,3.38,74.1,102.0,46.5
56455500,-4.82,43.50,67.5,3.69,79.5,104.3,49.7
56457000,-5.16,42.50,70.8,3.47,76.0,103.9,47.0
56458500,-4.88,43.68,67.4,3.66,78.7,103.7,49.4
56460000,-5.26,42.61,71.0,3.40,74.7,103.1,46.5
56461500,-5.03,42.54,70.3,3.55,77.6,104.6,47.8
56463000,-5.12,40.62,74.4,3.49,77.5,107.4,46.2
56464500,-5.07,42.59,70.3,3.52,77.1,104.3,47.6
56466000,-5.18,40.74,74.3,3.45,76.7,106.8,45.9
56467500,-5.09,42.99,69.6,3.51,76.6,103.5,47.7
56469000,-4.89,41.05,72.6,3.65,80.4,108.3,47.9
56470500,-5.20,43.61,68.9,3.44,74.9,101.8,47.4
56472000,-4.94,41.38,72.1,3.61,79.5,107.4,47.8
56473500,-5.23,42.92,70.3,3.42,74.9,102.7,46.8
56475000,-4.88,41.15,72.3,3.65,80.5,108.2,48.0
56476500,-5.38,42.94,70.8,3.33,73.1,101.8,45.9
56478000,-4.91,41.05,72.7,3.63,80.2,108.2,47.8
56479500,-5.26,42.27,71.6,3.41,75.0,103.7,46.3
56481000,-4.87,41.11,72.4,3.66,80.7,108.4,48.1
56482500,-5.36,42.27,72.0,3.34,73.6,102.9,45.6
56484000,-4.66,41.96,69.7,3.82,82.8,108.2,49.9
56485500,-5.07,41.81,71.8,3.52,77.6,105.7,47.2
56487000,-4.67,42.04,69.5,3.81,82.6,108.0,49.9
56488500,-5.15,42.30,71.2,3.47,76.3,104.3,47.0
56490000,-4.71,42.59,68.7,3.78,81.6,106.7,49.9
56491500,-5.04,41.76,71.8,3.54,78.0,106.0,47.4
56493000,-4.76,42.84,68.4,3.74,80.8,105.9,49.7
56494500,-5.10,41.96,71.6,3.50,77.1,105.2,47.1
56496000,-4.83,42.31,69.8,3.69,80.3,106.4,49.0
56497500,-4.91,40.33,74.2,3.63,80.6,109.5,47.4
56499000,-4.87,42.36,69.9,3.66,79.8,106.1,48.8
56500500,-4.96,40.51,74.0,3.59,79.7,108.8,47.1
56502000,-4.89,42.67,69.4,3.65,79.3,105.4,48.8
56503500,-4.70,40.95,71.9,3.79,83.1,109.9,49.1
56505000,-4.98,43.40,68.4,3.59,77.7,103.5,48.6
56506500,-4.75,41.10,71.9,3.74,82.2,109.2,48.8
56508000,-4.97,42.45,70.2,3.59,78.4,105.2,48.2
56509500,-4.71,40.78,72.3,3.78,83.0,110.1,48.9
56511000,-5.13,42.90,70.0,3.48,76.1,103.4,47.4
56512500,-4.71,40.61,72.7,3.78,83.1,110.4,48.8
56514000,-5.00,42.10,70.9,3.57,78.3,105.7,47.8
56515500,-4.63,40.81,71.9,3.84,84.1,110.6,49.5
56517000,-5.11,42.21,71.2,3.49,76.7,104.7,47.1
56518500,-4.55,40.99,71.1,3.91,85.1,110.9,50.1
56520000,-4.90,40.94,72.9,3.64,80.3,108.4,47.8
56521500,-4.53,40.92,71.1,3.92,85.4,111.1,50.2
56523000,-5.13,40.61,74.4,3.49,77.4,107.4,46.1
56524500,-4.64,41.13,71.3,3.83,83.6,109.9,49.6
56526000,-4.94,40.18,74.6,3.61,80.2,109.5,47.1
56527500,-4.69,41.52,70.7,3.79,82.7,108.8,49.5
56529000,-5.07,40.39,74.6,3.52,78.4,108.2,46.4
56530500,-4.78,40.85,72.5,3.72,81.9,109.4,48.5
56532000,-4.86,38.97,76.9,3.66,82.0,112.4,46.8
56533500,-4.83,41.01,72.4,3.69,81.2,108.8,48.3
56535000,-4.91,39.07,76.9,3.63,81.2,111.8,46.6
56536500,-4.83,41.16,72.1,3.69,81.2,108.5,48.4
56538000,-4.68,39.40,75.2,3.80,84.4,113.0,48.3
56539500,-4.94,41.85,71.2,3.61,79.2,106.5,48.0
56541000,-4.70,39.77,74.5,3.78,83.8,112.1,48.4
56542500,-4.95,41.42,72.1,3.61,79.4,107.2,47.7
56544000,-4.65,39.40,75.0,3.82,84.8,113.3,48.5
56545500,-5.00,42.11,71.0,3.57,78.2,105.6,47.8
56547000,-4.60,39.82,73.9,3.86,85.2,112.8,49.1
56548500,-4.92,41.55,71.7,3.62,79.6,107.2,48.0
56550000,-4.59,39.76,73.9,3.87,85.5,113.0,49.1
56551500,-5.00,41.56,72.0,3.57,78.6,106.6,47.5
56553000,-4.45,40.17,72.3,3.99,87.2,113.3,50.4
56554500,-4.82,40.22,74.0,3.70,81.9,110.4,47.9
56556000,-4.42,40.19,72.1,4.02,87.6,113.5,50.6
56557500,-4.91,40.59,73.6,3.63,80.4,109.0,47.5
56559000,-4.49,40.81,71.1,3.96,86.1,111.7,50.4
56560500,-4.78,40.13,74.0,3.73,82.5,110.9,48.1
56562000,-4.53,41.17,70.6,3.92,85.2,110.7,50.4
56563500,-4.87,40.50,73.6,3.66,81.0,109.5,47.7
56565000,-4.61,40.53,72.4,3.86,84.6,111.4,49.5
56566500,-4.68,38.74,76.6,3.80,84.9,114.4,47.9
56568000,-4.65,40.70,72.2,3.83,84.0,110.7,49.3
56569500,-4.72,38.89,76.5,3.77,84.2,113.7,47.8
56571000,-4.64,40.90,71.8,3.83,83.9,110.4,49.5
56572500,-4.56,38.91,75.7,3.90,86.6,115.0,48.8
56574000,-4.75,41.69,70.7,3.75,81.8,108.1,49.2
56575500,-4.52,39.41,74.4,3.93,86.7,114.3,49.4
56577000,-4.74,41.24,71.5,3.76,82.3,109.0,49.0
56578500,-4.50,39.04,75.1,3.95,87.4,115.2,49.3
56580000,-4.89,41.24,72.2,3.65,80.3,108.0,48.0
56581500,-4.48,39.03,75.0,3.96,87.7,115.4,49.4
56583000,-4.80,40.81,72.7,3.71,81.7,109.4,48.3
56584500,-4.55,38.51,76.6,3.91,87.0,115.9,48.7
56586000,-4.99,40.26,74.6,3.57,79.5,109.0,46.8
56587500,-4.41,39.01,74.7,4.03,88.8,116.0,49.9
56589000,-4.79,38.84,76.9,3.72,83.2,113.3,47.3
56590500,-4.38,38.97,74.7,4.05,89.2,116.3,50.1
56592000,-4.88,39.15,76.6,3.65,81.6,111.9,46.8
56593500,-4.43,39.57,73.5,4.01,88.0,114.7,50.1
56595000,-4.74,38.80,76.8,3.75,83.9,113.7,47.5
56596500,-4.48,39.97,72.9,3.96,86.9,113.4,50.0
56598000,-4.84,39.11,76.5,3.68,82.3,112.4,47.1
56599500,-4.56,39.33,74.8,3.90,86.3,114.1,49.1
56601000,-4.64,37.49,79.4,3.83,86.2,117.2,47.4
56602500,-4.60,39.49,74.6,3.87,85.6,113.5,48.9
56604000,-4.68,37.54,79.4,3.80,85.6,116.8,47.1
56605500,-4.59,39.44,74.7,3.87,85.7,113.7,48.9
56607000,-4.47,38.01,77.4,3.97,88.5,117.6,48.8
56608500,-4.63,40.79,71.9,3.84,84.1,110.7,49.5
56610000,-4.43,38.67,75.6,4.01,88.8,116.6,49.6
56611500,-4.62,40.45,72.6,3.85,84.6,111.4,49.4
56613000,-4.38,38.23,76.4,4.05,89.8,117.9,49.6
56614500,-4.77,40.48,73.2,3.73,82.4,110.3,48.4
56616000,-4.38,38.18,76.5,4.05,90.0,118.1,49.6
56617500,-4.70,40.15,73.6,3.79,83.6,111.4,48.6
56619000,-4.38,38.04,76.8,4.05,90.1,118.4,49.5
56620500,-4.76,40.18,73.9,3.74,82.7,110.9,48.2
56622000,-4.26,38.37,75.3,4.16,91.6,118.6,50.6
56623500,-4.58,38.76,76.1,3.88,86.4,115.2,48.6
56625000,-4.22,38.58,74.6,4.20,92.1,118.5,51.0
56626500,-4.67,39.09,75.8,3.81,84.8,113.8,48.2
56628000,-4.27,39.12,73.6,4.15,90.8,116.9,51.0
56629500,-4.55,38.65,76.2,3.91,87.0,115.6,48.8
56631000,-4.33,39.50,73.1,4.10,89.6,115.6,50.8
56632500,-4.65,38.96,76.0,3.82,85.2,114.2,48.2
56634000,-4.38,38.95,74.7,4.05,89.2,116.3,50.1
56635500,-4.45,37.33,78.9,3.99,89.4,119.3,48.6
56637000,-4.43,39.14,74.5,4.00,88.3,115.5,49.8
56638500,-4.49,37.42,78.9,3.96,88.8,118.8,48.4
56640000,-4.40,39.04,74.6,4.03,88.9,116.0,50.0
56641500,-4.38,37.31,78.6,4.05,90.7,120.0,49.1
56643000,-4.53,39.99,73.1,3.92,86.2,113.0,49.7
56644500,-4.32,37.94,76.7,4.10,91.1,119.1,49.9
56646000,-4.57,39.17,75.2,3.89,86.2,114.4,48.9
56647500,-4.35,37.14,78.9,4.08,91.3,120.6,49.2
56649000,-4.75,39.13,76.1,3.75,83.6,113.0,47.7
56650500,-4.34,37.13,78.9,4.09,91.4,120.7,49.2
56652000,-4.67,38.80,76.5,3.81,84.9,114.3,48.0
56653500,-4.34,37.05,79.1,4.09,91.5,120.9,49.2
56655000,-4.77,38.80,76.9,3.73,83.5,113.5,47.4
56656500,-4.24,37.28,77.9,4.17,92.9,121.2,50.0
56658000,-4.55,37.46,79.1,3.91,87.8,118.1,48.0
56659500,-4.18,37.50,77.0,4.23,93.7,121.3,50.6
56661000,-4.66,37.71,78.9,3.82,85.9,116.7,47.4
56662500,-4.24,37.85,76.5,4.18,92.5,120.0,50.4
56664000,-4.51,37.47,78.9,3.94,88.3,118.4,48.2
56665500,-4.27,38.36,75.4,4.15,91.5,118.6,50.5
56667000,-4.63,37.64,79.0,3.84,86.4,117.1,47.6
56668500,-4.28,38.19,75.9,4.14,91.5,118.9,50.3
56670000,-4.35,36.63,80.2,4.08,91.6,121.7,48.8
56671500,-4.32,38.30,75.9,4.10,90.7,118.2,50.1
56673000,-4.37,36.64,80.2,4.06,91.3,121.5,48.7
56674500,-4.29,38.17,76.0,4.13,91.3,118.8,50.2
56676000,-4.28,36.53,80.1,4.14,92.8,122.6,49.2
56677500,-4.43,39.12,74.5,4.01,88.3,115.6,49.8
56679000,-4.22,37.26,77.8,4.20,93.3,121.5,50.2
56680500,-4.38,38.98,74.6,4.05,89.2,116.3,50.1
56682000,-4.19,36.76,79.0,4.23,94.2,122.9,50.0
56683500,-4.54,38.90,75.6,3.91,86.8,115.2,48.9
56685000,-4.18,36.81,78.7,4.24,94.4,122.9,50.2
56686500,-4.48,38.70,75.8,3.96,87.9,116.1,49.2
56688000,-4.19,36.58,79.4,4.23,94.5,123.4,49.9
56689500,-4.55,38.74,76.0,3.91,86.8,115.4,48.8
56691000,-4.10,36.78,78.4,4.31,95.8,123.8,50.7
56692500,-4.36,37.34,78.4,4.07,90.9,120.1,49.2
56694000,-4.05,36.97,77.5,4.37,96.5,123.7,51.2
56695500,-4.44,37.74,77.9,4.00,89.3,118.5,48.9
56697000,-4.08,37.42,76.6,4.34,95.5,122.4,51.3
56698500,-4.34,37.23,78.6,4.09,91.4,120.5,49.3
56700000,-4.13,37.87,75.7,4.29,94.3,120.9,51.2
56701500,-4.43,37.48,78.4,4.01,89.6,119.1,48.8
56703000,-4.17,37.53,76.8,4.25,93.9,121.3,50.7
56704500,-4.25,35.98,81.4,4.17,93.9,124.2,49.1
56706000,-4.22,37.63,76.9,4.19,92.9,120.6,50.4
56707500,-4.36,35.55,83.1,4.07,92.2,124.1,48.0
56709000,-4.27,37.07,78.6,4.15,92.7,121.5,49.7
56710500,-4.26,35.39,83.0,4.16,94.2,125.6,48.6
56712000,-4.40,37.94,77.2,4.03,89.7,118.4,49.3
56713500,-4.18,36.13,80.5,4.24,95.0,124.6,49.7
56715000,-4.35,37.75,77.4,4.07,90.7,119.2,49.5
56716500,-4.15,35.68,81.6,4.27,96.0,126.0,49.6
56718000,-4.53,37.71,78.3,3.93,88.0,117.8,48.3
56719500,-4.15,35.75,81.4,4.26,95.8,125.7,49.6
56721000,-4.46,37.39,78.8,3.98,89.2,119.1,48.5
56722500,-4.15,35.58,81.9,4.26,96.0,126.2,49.5
56724000,-4.54,37.50,78.9,3.91,87.9,118.1,48.1
56725500,-4.10,35.75,81.1,4.32,96.8,126.3,50.0
56727000,-4.34,36.14,81.4,4.09,92.2,123.0,48.6
56728500,-4.01,36.06,79.7,4.41,98.1,126.4,50.9
56730000,-4.35,37.02,79.2,4.07,91.3,120.9,49.1
56731500,-3.98,36.56,78.2,4.44,98.0,125.4,51.4
56733000,-4.24,36.55,79.8,4.17,93.5,122.9,49.5
56734500,-4.04,37.17,76.9,4.38,96.5,123.4,51.4
56736000,-4.34,36.82,79.6,4.09,91.7,121.5,49.0
56737500,-4.07,36.85,78.0,4.35,96.2,123.8,51.0
56739000,-4.16,35.34,82.6,4.26,96.1,126.7,49.3
56740500,-4.14,36.91,78.2,4.28,95.0,123.1,50.5
56742000,-4.18,35.38,82.6,4.23,95.6,126.3,49.2
56743500,-4.11,36.70,78.6,4.30,95.7,123.8,50.6
56745000,-4.11,35.12,82.9,4.31,97.2,127.7,49.5
56746500,-4.22,37.64,76.9,4.19,92.9,120.6,50.4
56748000,-4.04,35.90,80.3,4.38,97.8,126.5,50.6
56749500,-4.19,37.51,77.1,4.22,93.5,121.2,50.5
56751000,-4.02,35.41,81.6,4.40,98.5,127.9,50.4
56752500,-4.34,37.47,78.0,4.09,91.2,120.0,49.5
56754000,-4.02,35.44,81.4,4.40,98.6,127.9,50.4
56755500,-4.28,37.14,78.5,4.14,92.4,121.2,49.6
56757000,-4.00,35.18,82.1,4.42,99.2,128.7,50.4
56758500,-4.35,37.37,78.3,4.08,91.1,120.1,49.3
56760000,-3.96,35.25,81.6,4.46,99.8,128.9,50.7
56761500,-4.17,36.06,80.7,4.25,95.3,124.9,49.8
56763000,-3.87,35.64,79.9,4.56,101.1,128.8,51.7
56764500,-4.25,36.33,80.4,4.17,93.6,123.4,49.3
56766000,-3.89,35.78,79.6,4.54,100.6,128.3,51.6
56767500,-4.15,35.93,80.9,4.26,95.6,125.3,49.8
56769000,-4.00,36.15,79.4,4.41,98.1,126.2,51.0
56770500,-4.32,35.66,82.6,4.10,92.9,124.3,48.4
56772000,-4.03,35.85,80.4,4.38,97.8,126.7,50.6
56773500,-4.15,34.27,85.6,4.27,97.2,129.5,48.6
56775000,-4.12,35.85,80.9,4.29,96.3,125.8,49.9
56776500,-4.17,34.27,85.7,4.25,96.8,129.2,48.5
56778000,-4.09,35.67,81.3,4.33,97.0,126.6,50.1
56779500,-4.08,34.05,85.9,4.33,98.6,130.7,48.9
56781000,-4.21,36.49,79.7,4.21,94.2,123.4,49.8
56782500,-4.01,34.84,83.1,4.41,99.3,129.5,50.1
56784000,-4.18,36.37,79.9,4.23,94.8,124.0,49.8
56785500,-3.97,34.37,84.2,4.45,100.4,131.1,50.0
56787000,-4.32,36.32,80.8,4.11,92.5,122.8,48.8
56788500,-3.99,34.48,84.0,4.43,100.1,130.6,50.0
56790000,-4.28,35.98,81.5,4.14,93.4,124.0,48.9
56791500,-3.91,34.54,83.4,4.51,101.4,131.3,50.6
56793000,-4.25,36.68,79.5,4.17,93.3,122.6,49.6
56794500,-3.89,34.49,83.4,4.53,101.8,131.6,50.7
56796000,-4.06,35.39,81.9,4.36,97.8,127.6,50.1
56797500,-3.79,34.89,81.4,4.66,103.5,131.7,51.8
56799000,-4.14,35.74,81.4,4.27,96.0,125.9,49.7
56800500,-3.79,34.94,81.3,4.66,103.4,131.5,51.8
56802000,-4.04,35.14,82.4,4.38,98.5,128.4,50.1
56803500,-3.89,35.71,79.8,4.54,100.7,128.5,51.6
56805000,-4.14,35.59,81.8,4.28,96.2,126.3,49.6
56806500,-3.88,35.47,80.4,4.55,101.1,129.2,51.5
56808000,-3.97,34.14,84.9,4.45,100.7,131.7,49.8
56809500,-3.96,35.47,81.0,4.46,99.6,128.4,50.9
56811000,-4.01,34.17,85.0,4.41,100.0,131.2,49.6
56812500,-3.93,35.33,81.2,4.50,100.3,129.0,51.0
56814000,-3.93,33.79,85.7,4.49,101.8,133.1,49.9
56815500,-4.03,36.05,79.8,4.39,97.8,126.2,50.8
56817000,-3.88,34.42,83.5,4.55,102.2,131.9,50.7
56818500,-4.02,36.01,79.9,4.40,97.9,126.4,50.8
56820000,-3.85,34.12,84.2,4.59,103.1,133.1,50.8
56821500,-4.13,36.16,80.2,4.29,95.8,125.0,50.1
56823000,-3.85,34.27,83.8,4.58,102.9,132.7,50.9
56824500,-4.10,35.73,81.2,4.31,96.7,126.3,50.0
56826000,-3.84,33.78,85.1,4.60,103.7,134.2,50.6
56827500,-4.16,36.02,80.8,4.25,95.3,125.0,49.7
56829000,-3.81,33.82,84.8,4.63,104.2,134.4,50.8
56830500,-4.08,34.30,85.1,4.34,98.5,130.2,49.2
56832000,-3.77,34.00,84.0,4.67,104.8,134.3,51.3
56833500,-4.16,34.51,84.9,4.26,96.7,128.7,48.7
56835000,-3.77,33.96,84.1,4.68,105.0,134.5,51.3
56836500,-4.04,34.22,85.1,4.37,99.2,130.7,49.4
56838000,-3.84,34.75,82.3,4.59,102.5,131.5,51.3
56839500,-4.13,34.51,84.7,4.29,97.3,129.1,49.0
56841000,-3.85,34.59,82.8,4.58,102.6,131.8,51.1
56842500,-3.99,33.26,87.7,4.43,101.1,133.9,49.1
56844000,-3.94,34.46,83.8,4.48,101.0,131.2,50.3
56845500,-4.00,33.17,88.0,4.42,101.0,134.0,48.9
56847000,-3.91,34.35,83.9,4.52,101.8,131.9,50.5
56848500,-3.91,32.81,88.6,4.52,103.3,136.1,49.4
56850000,-4.01,34.94,82.8,4.41,99.2,129.2,50.1
56851500,-3.87,33.42,86.5,4.56,103.3,134.8,50.1
56853000,-3.93,35.36,81.1,4.49,100.2,128.9,51.0
56854500,-3.77,33.45,85.7,4.68,105.5,135.9,50.9
56856000,-4.03,35.46,81.5,4.39,98.3,127.7,50.4
56857500,-3.79,33.60,85.4,4.66,104.9,135.2,50.9
56859000,-4.00,35.12,82.2,4.42,99.2,128.9,50.3
56860500,-3.75,33.25,86.2,4.70,106.0,136.7,50.9
56862000,-4.06,35.39,81.9,4.35,97.8,127.5,50.1
56863500,-3.73,33.16,86.3,4.73,106.6,137.2,51.0
56865000,-3.90,34.17,84.3,4.53,102.2,132.5,50.5
56866500,-3.64,33.56,84.3,4.85,108.1,137.1,52.1
56868000,-3.97,34.50,83.8,4.45,100.4,130.8,50.1
56869500,-3.63,33.62,84.1,4.85,108.2,137.0,52.1
56871000,-3.89,34.07,84.6,4.54,102.3,132.8,50.4
56872500,-3.72,34.27,82.8,4.74,105.5,134.1,51.9
56874000,-3.97,34.36,84.2,4.45,100.5,131.2,50.0
56875500,-3.71,34.24,82.8,4.75,105.8,134.3,51.9
56877000,-3.86,33.26,86.9,4.57,103.8,135.3,50.1
56878500,-3.80,34.16,83.7,4.64,104.0,133.5,51.2
56880000,-3.85,33.23,87.0,4.58,104.0,135.6,50.1
56881500,-3.77,34.00,83.9,4.68,104.9,134.3,51.3
56883000,-3.77,32.54,88.6,4.68,106.5,138.5,50.3
56884500,-3.85,34.49,83.0,4.59,102.8,132.1,51.1
56886000,-3.75,33.03,86.9,4.70,106.4,137.3,50.8
56887500,-3.85,34.66,82.5,4.59,102.6,131.7,51.2
56889000,-3.70,32.84,87.1,4.76,107.6,138.5,51.0
56890500,-3.94,34.88,82.5,4.49,100.6,130.1,50.6
56892000,-3.77,32.72,88.0,4.68,106.2,137.9,50.3
56893500,-4.01,34.13,85.2,4.41,100.0,131.4,49.6
56895000,-3.74,32.34,89.1,4.72,107.4,139.5,50.3
56896500,-4.09,34.31,85.1,4.33,98.3,130.0,49.1
56898000,-3.72,32.32,89.0,4.74,107.7,139.7,50.4
56899500,-3.90,33.16,87.5,4.53,103.1,135.2,49.7
56901000,-3.63,32.66,87.2,4.86,109.4,139.9,51.5
56902500,-3.96,33.32,87.4,4.46,101.6,134.0,49.3
56904000,-3.61,32.70,86.9,4.88,109.8,140.0,51.6
56905500,-3.87,33.03,87.7,4.56,103.8,135.9,49.8
56907000,-3.70,33.42,85.2,4.77,107.0,136.8,51.5
56908500,-3.96,33.28,87.5,4.46,101.6,134.1,49.3
56910000,-3.70,33.30,85.6,4.77,107.2,137.2,51.4
56911500,-3.87,32.44,89.6,4.56,104.3,137.5,49.3
56913000,-3.80,33.23,86.6,4.64,105.1,136.2,50.5
56914500,-3.78,32.68,88.2,4.66,106.0,137.9,50.2
56916000,-3.69,33.37,85.3,4.78,107.3,137.1,51.5
56917500,-3.69,32.03,89.7,4.78,108.8,141.0,50.5
56919000,-3.75,33.75,84.6,4.70,105.5,135.3,51.3
56920500,-3.69,32.34,88.7,4.78,108.4,140.1,50.7
56922000,-3.76,33.99,83.9,4.69,105.1,134.5,51.4
56923500,-3.62,32.24,88.5,4.87,110.1,141.2,51.2
56925000,-3.85,34.24,83.8,4.59,103.1,132.8,50.9
56926500,-3.65,32.47,88.0,4.83,109.1,140.2,51.1
56928000,-3.85,33.81,85.1,4.59,103.5,134.0,50.6
56929500,-3.60,32.01,89.1,4.90,110.9,142.3,51.2
56931000,-3.89,34.07,84.6,4.54,102.3,132.8,50.4
56932500,-3.59,31.95,89.3,4.91,111.1,142.6,51.2
56934000,-3.74,33.04,86.8,4.72,106.6,137.4,50.9
56935500,-3.52,32.24,87.7,5.00,112.2,142.4,52.0
56937000,-3.80,33.24,86.6,4.65,105.1,136.2,50.5
56938500,-3.49,32.32,87.2,5.04,112.9,142.6,52.3
56940000,-3.73,32.80,87.4,4.73,107.1,138.3,50.8
56941500,-3.57,32.98,85.6,4.94,110.3,139.6,52.2
56943000,-3.79,33.22,86.6,4.66,105.3,136.3,50.6
56944500,-3.57,32.93,85.8,4.94,110.4,139.8,52.1
56946000,-3.73,32.30,89.1,4.73,107.5,139.7,50.3
56947500,-3.65,32.93,86.4,4.83,108.6,138.8,51.5
56949000,-3.74,32.33,89.1,4.71,107.3,139.5,50.3
56950500,-3.62,32.69,87.0,4.87,109.6,139.9,51.6
56952000,-3.62,31.41,91.4,4.87,111.1,143.8,50.6
56953500,-3.73,32.71,87.8,4.73,107.2,138.5,50.7
56955000,-3.70,31.33,92.2,4.77,109.3,143.0,49.8
56956500,-3.76,33.05,86.9,4.69,106.0,137.1,50.7
56958000,-3.60,31.43,91.2,4.89,111.5,144.0,50.7
56959500,-3.83,33.36,86.4,4.60,104.2,135.4,50.3
56961000,-3.63,31.68,90.6,4.85,110.4,142.8,50.6
56962500,-3.85,32.87,88.1,4.59,104.4,136.6,49.9
56964000,-3.59,31.21,91.9,4.91,112.1,144.9,50.6
56965500,-3.90,33.09,87.7,4.53,103.1,135.4,49.6
56967000,-3.58,31.10,92.2,4.93,112.4,145.4,50.7
56968500,-3.75,32.15,89.8,4.70,107.3,139.9,50.1
56970000,-3.51,31.36,90.7,5.01,113.6,145.4,51.4
56971500,-3.81,32.25,89.8,4.63,105.8,138.8,49.7
56973000,-3.48,31.52,89.9,5.06,114.3,145.4,51.8
56974500,-3.72,31.94,90.3,4.74,108.1,140.9,50.1
56976000,-3.52,32.18,87.9,5.00,112.3,142.7,52.0
56977500,-3.71,32.58,88.0,4.76,107.8,139.2,50.8
56979000,-3.50,32.30,87.3,5.03,112.7,142.6,52.2
56980500,-3.68,31.83,90.3,4.79,109.2,141.7,50.4
56982000,-3.57,32.28,88.0,4.93,111.1,141.7,51.6
56983500,-3.69,31.92,90.1,4.78,108.9,141.3,50.4
56985000,-3.55,32.08,88.5,4.96,111.9,142.7,51.7
56986500,-3.54,30.87,92.7,4.98,113.7,146.7,50.8
56988000,-3.58,32.35,87.9,4.92,110.8,141.4,51.6
56989500,-3.56,31.18,91.8,4.94,112.6,145.3,50.8
56991000,-3.62,32.71,86.9,4.87,109.5,139.8,51.6
56992500,-3.49,31.13,91.4,5.05,114.6,146.5,51.4
56994000,-3.68,33.09,86.2,4.79,107.8,138.0,51.4
56995500,-3.51,31.41,90.5,5.02,113.7,145.3,51.5
56997000,-3.68,32.57,87.9,4.79,108.3,139.5,50.9
56998500,-3.47,30.89,92.1,5.07,115.2,147.5,51.4
57000000,-3.73,32.85,87.3,4.73,106.9,138.1,50.8
57001500,-3.45,30.73,92.5,5.10,116.0,148.3,51.4
57003000,-3.61,32.07,89.1,4.88,110.5,141.9,51.1
57004500,-3.41,30.88,91.6,5.16,116.7,148.4,51.9
57006000,-3.66,32.19,89.0,4.82,109.3,140.9,50.8
57007500,-3.35,31.12,90.2,5.25,117.9,148.4,52.6
57009000,-3.57,31.80,89.6,4.94,111.8,143.3,51.3
57010500,-3.41,31.67,88.7,5.16,115.6,145.7,52.5
57012000,-3.63,32.06,89.2,4.85,110.0,141.7,51.0
57013500,-3.43,31.63,89.1,5.13,115.2,145.6,52.3
57015000,-3.66,31.04,93.0,4.81,110.4,144.4,49.9
57016500,-3.56,31.52,90.5,4.95,112.4,144.3,51.2
57018000,-3.71,31.18,92.8,4.76,109.2,143.3,49.6
57019500,-3.55,31.28,91.3,4.96,112.9,145.2,51.0
57021000,-3.53,30.03,95.9,4.98,114.7,149.5,50.1
57022500,-3.58,31.48,90.8,4.93,112.0,144.2,51.0
57024000,-3.56,30.25,95.2,4.94,113.7,148.3,50.1
57025500,-3.62,31.78,90.1,4.87,110.7,142.7,50.9
57027000,-3.46,30.35,94.1,5.08,116.1,149.4,51.0
57028500,-3.69,32.31,88.8,4.78,108.5,140.2,50.7
57030000,-3.50,30.53,93.7,5.03,114.9,148.3,50.8
57031500,-3.70,31.69,91.0,4.77,109.0,141.9,50.1
57033000,-3.46,30.10,95.0,5.08,116.4,150.3,50.8
57034500,-3.74,31.97,90.4,4.71,107.6,140.5,50.0
57036000,-3.44,30.01,95.2,5.11,117.1,150.9,50.9
57037500,-3.58,31.42,91.0,4.93,112.1,144.4,50.9
57039000,-3.37,30.20,93.9,5.21,118.6,151.2,51.6
57040500,-3.59,31.69,90.2,4.91,111.4,143.3,51.0
57042000,-3.30,30.58,91.7,5.33,120.0,151.1,52.6
57043500,-3.50,31.25,91.0,5.03,114.1,145.9,51.4
57045000,-3.34,30.94,90.8,5.26,118.3,149.1,52.5
57046500,-3.57,31.51,90.6,4.94,112.2,144.2,51.1
57048000,-3.37,31.19,90.1,5.22,117.3,147.9,52.5
57049500,-3.54,30.85,92.8,4.98,113.6,146.7,50.8
57051000,-3.42,31.17,90.7,5.14,116.0,147.2,52.0
57052500,-3.57,31.01,92.5,4.93,112.6,145.7,50.6
57054000,-3.43,30.95,91.5,5.13,116.2,147.9,51.8
57055500,-3.40,29.85,95.5,5.17,118.3,152.0,51.1
57057000,-3.44,31.12,91.0,5.12,115.7,147.2,51.8
57058500,-3.43,30.12,94.7,5.13,117.3,150.7,51.1
57060000,-3.48,31.52,89.9,5.06,114.3,145.4,51.8
57061500,-3.35,30.01,94.4,5.25,119.4,152.2,51.7
57063000,-3.54,31.85,89.2,4.98,112.4,143.5,51.6
57064500,-3.38,30.26,93.7,5.20,118.3,150.9,51.6
57066000,-3.54,31.38,90.9,4.98,113.1,145.1,51.2
57067500,-3.35,29.85,95.0,5.26,119.8,152.9,51.6
57069000,-3.59,31.74,90.0,4.91,111.4,143.2,51.1
57070500,-3.32,29.76,95.1,5.30,120.6,153.6,51.7
57072000,-3.49,31.19,91.2,5.05,114.4,146.3,51.5
57073500,-3.32,29.69,95.4,5.30,120.8,153.9,51.7
57075000,-3.53,31.24,91.3,4.99,113.5,145.6,51.2
57076500,-3.27,30.02,93.7,5.37,121.5,153.4,52.4
57078000,-3.50,30.40,94.2,5.03,115.1,148.7,50.7
57079500,-3.33,30.09,93.9,5.29,120.0,152.3,51.9
57081000,-3.58,30.72,93.6,4.92,112.8,146.6,50.3
57082500,-3.35,30.46,92.7,5.25,118.8,150.7,52.0
57084000,-3.54,30.07,95.7,4.98,114.6,149.3,50.1
57085500,-3.41,30.49,93.1,5.16,117.2,149.7,51.5
57087000,-3.58,30.30,95.2,4.92,113.2,147.9,49.9
57088500,-3.41,30.13,94.5,5.15,117.6,150.9,51.2
57090000,-3.40,28.99,99.0,5.17,119.3,155.0,50.3
57091500,-3.45,30.41,93.7,5.11,116.5,149.5,51.2
57093000,-3.43,29.25,98.1,5.13,118.3,153.7,50.3
57094500,-3.47,30.61,93.2,5.07,115.6,148.5,51.1
57096000,-3.35,29.20,97.6,5.25,120.6,155.1,51.0
57097500,-3.55,31.19,91.6,4.96,113.0,145.5,51.0
57099000,-3.34,29.54,96.2,5.26,120.3,154.0,51.3
57100500,-3.47,30.87,92.2,5.07,115.3,147.6,51.4
57102000,-3.29,29.44,96.2,5.34,121.7,155.2,51.7
57103500,-3.52,31.19,91.4,5.00,113.6,145.8,51.2
57105000,-3.26,29.24,96.7,5.39,122.9,156.4,51.8
57106500,-3.44,30.74,92.4,5.12,116.3,148.5,51.5
57108000,-3.26,29.10,97.3,5.39,123.1,156.9,51.7
57109500,-3.47,30.85,92.2,5.07,115.3,147.6,51.3
57111000,-3.18,29.51,94.8,5.52,124.6,156.6,52.7
57112500,-3.37,30.22,93.8,5.22,118.6,151.2,51.7
57114000,-3.20,29.61,94.5,5.49,124.0,156.0,52.7
57115500,-3.42,30.51,93.1,5.15,117.1,149.6,51.5
57117000,-3.24,29.99,93.4,5.43,122.4,154.0,52.6
57118500,-3.41,29.85,95.5,5.16,118.2,152.0,51.0
57120000,-3.29,30.13,93.4,5.34,120.8,152.7,52.3
57121500,-3.45,30.10,94.9,5.11,116.9,150.5,50.9
57123000,-3.30,29.83,94.6,5.33,121.1,153.7,52.0
57124500,-3.28,28.86,98.5,5.36,123.0,157.5,51.3
57126000,-3.31,30.04,94.0,5.30,120.3,152.7,52.0
57127500,-3.30,29.13,97.5,5.33,122.1,156.2,51.4
57129000,-3.33,30.30,93.1,5.27,119.5,151.5,52.1
57130500,-3.25,28.97,97.7,5.41,123.6,157.6,51.7
57132000,-3.40,30.75,92.0,5.17,117.1,148.9,51.8
57133500,-3.26,29.25,96.7,5.39,122.9,156.4,51.8
57135000,-3.38,30.28,93.6,5.20,118.3,150.9,51.6
57136500,-3.22,28.77,98.3,5.46,124.8,158.8,51.8
57138000,-3.51,30.58,93.6,5.01,114.6,148.0,50.8
57139500,-3.25,28.53,99.6,5.41,124.2,159.2,51.3
57141000,-3.44,29.87,95.7,5.12,117.4,151.5,50.8
57142500,-3.23,28.52,99.5,5.43,124.7,159.5,51.4
57144000,-3.50,30.07,95.4,5.03,115.6,149.9,50.5
57145500,-3.17,28.89,97.2,5.55,126.1,159.2,52.4
57147000,-3.36,29.37,97.1,5.23,120.0,154.3,51.0
57148500,-3.17,28.86,97.4,5.53,125.9,159.2,52.3
57150000,-3.44,29.74,96.2,5.12,117.5,151.9,50.7
57151500,-3.23,29.25,96.4,5.44,123.8,156.9,52.1
57153000,-3.38,29.04,98.6,5.20,119.8,155.2,50.5
57154500,-3.27,29.50,95.7,5.37,122.3,155.3,51.9
57156000,-3.46,29.29,98.2,5.09,117.5,153.1,50.1
57157500,-3.29,29.01,97.9,5.35,122.5,156.8,51.4
57159000,-3.27,28.05,101.9,5.37,124.3,160.7,50.6
57160500,-3.28,29.43,96.1,5.36,122.2,155.4,51.8
57162000,-3.24,28.62,99.1,5.42,124.4,159.0,51.4
57163500,-3.25,29.59,95.1,5.41,122.7,155.3,52.2
57165000,-3.17,28.58,98.6,5.55,126.6,160.4,52.1
57166500,-3.34,30.16,93.8,5.26,119.4,151.8,51.9
57168000,-3.20,28.77,98.1,5.48,125.2,159.0,51.9
57169500,-3.32,29.85,94.8,5.29,120.3,153.2,51.8
57171000,-3.18,28.40,99.5,5.52,126.4,160.9,51.8
57172500,-3.39,30.06,94.6,5.19,118.3,151.5,51.4
57174000,-3.14,28.18,100.1,5.58,127.8,162.3,51.9
57175500,-3.33,29.78,95.1,5.29,120.4,153.4,51.7
57177000,-3.15,28.05,100.8,5.57,127.8,162.7,51.7
57178500,-3.35,29.90,94.9,5.25,119.5,152.6,51.6
57180000,-3.07,28.45,98.1,5.72,129.6,162.5,52.9
57181500,-3.24,29.20,96.6,5.43,123.6,156.9,52.0
57183000,-3.07,28.54,97.7,5.72,129.4,162.2,52.9
57184500,-3.30,29.47,96.1,5.33,121.6,154.9,51.7
57186000,-3.12,28.87,96.9,5.63,127.4,160.0,52.7
57187500,-3.28,28.92,98.2,5.37,122.9,157.3,51.4
57189000,-3.17,29.05,96.5,5.55,125.8,158.6,52.5
57190500,-3.32,29.06,98.0,5.29,121.5,156.1,51.1
57192000,-3.18,28.72,98.1,5.53,126.0,159.7,52.1
57193500,-3.16,27.83,101.8,5.56,127.9,163.5,51.5
57195000,-3.20,29.04,96.9,5.50,125.0,158.2,52.2
57196500,-3.18,28.13,100.7,5.53,126.9,162.0,51.6
57198000,-3.19,29.09,96.6,5.50,125.0,158.0,52.3
57199500,-3.18,27.66,102.8,5.52,127.5,163.8,51.1
57201000,-3.35,29.51,96.4,5.25,120.2,154.1,51.3
57202500,-3.20,28.01,101.4,5.50,126.5,162.1,51.3
57204000,-3.33,29.15,97.7,5.28,121.2,155.7,51.1
57205500,-3.18,27.62,103.0,5.53,127.7,164.0,51.1
57207000,-3.41,29.28,97.9,5.15,118.7,153.9,50.5
57208500,-3.13,27.54,102.9,5.60,129.1,165.1,51.4
57210000,-3.35,29.11,98.0,5.25,120.7,155.5,50.9
57211500,-3.14,27.43,103.5,5.59,128.9,165.3,51.2
57213000,-3.37,29.17,98.0,5.21,119.9,154.9,50.8
57214500,-3.07,27.88,100.7,5.72,130.5,164.8,52.4
57216000,-3.25,28.43,100.0,5.41,124.4,159.7,51.2
57217500,-3.06,27.89,100.5,5.74,130.8,165.0,52.5
57219000,-3.31,28.68,99.5,5.31,122.2,157.6,50.9
57220500,-3.12,28.25,99.5,5.63,128.5,162.5,52.2
57222000,-3.25,28.29,100.6,5.41,124.5,160.1,51.1
57223500,-3.11,28.56,98.0,5.65,128.2,161.4,52.6
57225000,-3.26,28.68,99.1,5.38,123.6,158.4,51.3
57226500,-3.12,28.21,99.7,5.63,128.5,162.7,52.2
57228000,-3.10,27.44,103.1,5.66,130.1,166.0,51.6
57229500,-3.14,28.45,98.9,5.60,127.6,161.4,52.2
57231000,-3.12,27.63,102.4,5.63,129.4,165.0,51.6
57232500,-3.13,28.46,98.7,5.61,127.8,161.5,52.3
57234000,-3.11,27.22,104.2,5.64,130.2,166.7,51.3
57235500,-3.23,29.13,96.8,5.44,124.0,157.3,52.0
57237000,-3.09,27.77,101.4,5.69,130.2,165.0,52.1
57238500,-3.20,28.86,97.7,5.49,125.2,158.8,52.0
57240000,-3.08,27.44,102.9,5.70,130.9,166.5,51.8
57241500,-3.27,29.04,97.6,5.38,123.0,157.0,51.6
57243000,-3.03,27.28,103.0,5.79,132.7,168.0,52.2
57244500,-3.21,28.80,98.1,5.47,124.9,158.8,51.9
57246000,-3.04,27.04,104.4,5.77,132.7,168.8,51.8
57247500,-3.25,28.97,97.7,5.41,123.6,157.6,51.7
57249000,-2.98,27.39,102.0,5.88,134.0,168.4,52.7
57250500,-3.12,28.15,99.9,5.64,128.7,162.9,52.2
57252000,-2.96,27.50,101.2,5.93,134.6,168.4,53.1
57253500,-3.18,28.52,98.9,5.53,126.3,160.4,51.9
57255000,-3.01,27.92,99.9,5.82,132.2,165.7,52.9
57256500,-3.16,27.92,101.5,5.56,127.7,163.1,51.5
57258000,-3.04,28.09,99.5,5.77,130.9,164.4,52.8
57259500,-3.21,28.20,100.7,5.48,125.9,161.2,51.4
57261000,-3.10,27.67,101.9,5.67,130.0,165.2,51.9
57262500,-3.12,26.77,106.4,5.64,130.8,168.6,50.9
57264000,-3.15,27.80,101.9,5.57,128.1,163.7,51.5
57265500,-3.13,26.93,105.8,5.61,130.1,167.7,50.9
57267000,-3.13,27.72,102.0,5.62,129.0,164.5,51.7
57268500,-3.12,26.55,107.5,5.62,130.9,169.4,50.6
57270000,-3.23,28.46,99.7,5.44,124.9,159.8,51.4
57271500,-3.08,27.13,104.3,5.70,131.3,167.7,51.5
57273000,-3.20,28.22,100.4,5.49,126.2,161.3,51.5
57274500,-3.07,26.80,105.9,5.71,132.1,169.3,51.3
57276000,-3.29,28.34,100.8,5.34,123.2,159.2,50.7
57277500,-3.04,26.60,106.5,5.78,133.5,170.8,51.4
57279000,-3.24,28.10,101.3,5.43,125.2,161.1,51.0
57280500,-3.04,26.53,106.8,5.78,133.6,171.1,51.4
57282000,-3.27,28.26,100.9,5.38,124.1,160.0,50.9
57283500,-2.94,26.99,103.4,5.97,136.2,171.0,52.8
57285000,-3.04,27.61,101.7,5.76,131.7,166.4,52.3
57286500,-2.91,27.05,102.8,6.02,136.9,171.2,53.1
57288000,-3.12,28.03,100.6,5.62,128.7,163.3,52.0
57289500,-2.96,27.36,101.9,5.92,134.7,168.9,52.9
57291000,-3.09,27.37,103.3,5.68,130.7,166.5,51.7
57292500,-3.01,27.57,101.4,5.84,133.0,167.2,52.7
57294000,-3.15,27.66,102.6,5.57,128.3,164.2,51.4
57295500,-3.01,27.20,103.3,5.82,133.4,168.7,52.2
57297000,-3.00,26.51,106.5,5.84,134.9,171.9,51.7
57298500,-3.03,27.47,102.2,5.79,132.3,167.2,52.3
57300000,-3.01,26.85,105.0,5.82,133.9,170.2,51.9
57301500,-3.01,27.30,102.7,5.83,133.3,168.3,52.4
57303000,-2.99,26.43,106.8,5.87,135.4,172.5,51.7
57304500,-3.12,28.08,100.3,5.64,128.8,163.2,52.1
57306000,-2.98,26.82,104.8,5.88,135.0,170.9,52.2
57307500,-3.07,27.83,100.9,5.72,130.6,165.0,52.3
57309000,-2.97,26.53,106.0,5.91,136.0,172.4,52.0
57310500,-3.15,27.96,101.1,5.58,128.0,163.2,51.7
57312000,-2.93,26.42,106.2,5.98,137.3,173.6,52.3
57313500,-3.10,27.74,101.6,5.66,129.8,164.8,51.9
57315000,-2.94,26.17,107.5,5.97,137.7,174.7,52.0
57316500,-3.13,28.01,100.7,5.62,128.6,163.3,51.9
57318000,-2.89,26.35,106.1,6.06,138.8,174.7,52.6
57319500,-3.01,27.26,102.9,5.84,133.5,168.6,52.4
57321000,-2.87,26.55,104.8,6.11,139.3,174.3,53.0
57322500,-3.10,27.43,103.1,5.66,130.2,166.1,51.6
57324000,-2.95,26.70,105.0,5.94,136.3,172.0,52.4
57325500,-3.11,26.88,105.8,5.64,130.7,168.2,51.0
57327000,-3.01,27.03,104.0,5.83,133.9,169.5,52.2
57328500,-3.17,27.03,105.7,5.53,128.5,166.4,50.6
57330000,-3.01,26.66,105.9,5.83,134.4,171.1,51.8
57331500,-3.03,26.00,109.4,5.79,134.8,173.6,50.9
57333000,-3.03,26.88,105.0,5.78,133.2,169.7,51.7
57334500,-3.02,26.04,109.1,5.81,135.0,173.6,51.1
57336000,-3.02,26.74,105.5,5.82,134.0,170.6,51.8
57337500,-3.01,25.66,111.0,5.83,135.9,175.5,50.8
57339000,-3.13,27.43,103.4,5.62,129.5,165.7,51.4
57340500,-2.98,26.25,107.7,5.88,135.9,173.4,51.6
57342000,-3.09,27.26,103.7,5.69,130.9,167.1,51.6
57343500,-2.97,25.93,109.2,5.90,136.8,175.0,51.4
57345000,-3.16,27.22,104.7,5.55,128.6,165.9,50.9
57346500,-2.89,26.00,107.9,6.06,139.4,176.3,52.3
57348000,-3.05,27.32,103.0,5.76,132.1,167.6,52.1
57349500,-2.89,25.71,109.4,6.07,140.1,177.7,52.0
57351000,-3.09,27.58,102.2,5.69,130.5,165.8,51.9
57352500,-2.86,25.90,108.0,6.13,140.8,177.5,52.5
57354000,-2.96,26.72,105.0,5.93,136.0,171.8,52.3
57355500,-2.82,26.13,106.3,6.22,141.8,177.2,53.2
57357000,-3.01,27.13,103.6,5.82,133.5,169.0,52.2
57358500,-2.85,26.31,105.7,6.15,140.4,175.8,53.0
57360000,-3.00,26.58,106.1,5.85,134.9,171.6,51.8
57361500,-2.90,26.64,104.7,6.04,138.0,173.2,52.8
57363000,-3.05,26.79,105.7,5.75,132.8,169.7,51.5
57364500,-2.91,26.29,106.6,6.03,138.3,174.6,52.4
57366000,-2.93,25.88,109.0,5.98,138.3,176.1,51.7
57367500,-2.93,26.54,105.6,5.99,137.3,173.2,52.4
57369000,-2.91,25.89,108.7,6.03,139.2,176.6,52.0
57370500,-2.91,26.40,106.0,6.03,138.2,174.2,52.5
57372000,-2.91,25.46,110.9,6.03,139.9,178.5,51.6
57373500,-3.01,27.02,104.1,5.83,133.8,169.5,52.1
57375000,-2.88,25.99,107.9,6.08,139.8,176.6,52.4
57376500,-2.97,26.92,104.2,5.90,135.2,170.7,52.4
57378000,-2.88,25.64,109.6,6.09,140.6,178.3,52.1
57379500,-3.05,27.04,104.4,5.76,132.6,168.7,51.8
57381000,-2.86,25.64,109.5,6.13,141.3,178.7,52.2
57382500,-3.00,26.82,104.9,5.85,134.5,170.6,52.0
57384000,-2.85,25.26,111.4,6.14,142.2,180.6,51.9
57385500,-3.10,26.95,105.4,5.66,130.9,168.1,51.2
57387000,-2.86,25.28,111.4,6.12,141.8,180.3,51.8
57388500,-2.97,26.19,107.8,5.91,136.5,173.9,51.7
57390000,-2.82,25.58,109.2,6.22,142.9,179.9,52.6
57391500,-3.04,26.45,107.2,5.78,133.9,171.5,51.3
57393000,-2.84,25.72,108.8,6.18,141.9,178.8,52.5
57394500,-3.00,25.96,109.4,5.84,135.7,174.3,51.1
57396000,-2.91,26.12,107.5,6.03,138.7,175.4,52.2
57397500,-3.07,26.14,109.1,5.71,133.1,172.1,50.7
57399000,-2.91,25.88,108.7,6.03,139.1,176.6,52.0
57400500,-2.94,25.26,112.4,5.96,138.9,178.7,51.0
57402000,-2.94,25.98,108.6,5.96,137.8,175.4,51.8
57403500,-2.93,25.23,112.4,5.99,139.5,179.2,51.1
57405000,-2.92,25.85,109.0,6.01,138.9,176.6,51.9
57406500,-2.90,24.82,114.4,6.04,141.2,181.7,51.0
57408000,-2.96,26.59,105.6,5.93,136.3,172.4,52.2
57409500,-2.84,25.64,109.2,6.18,142.0,179.2,52.5
57411000,-2.93,26.41,106.2,5.99,137.5,173.7,52.3
57412500,-2.84,25.21,111.5,6.18,142.9,181.3,52.0
57414000,-2.99,26.54,106.3,5.86,135.1,171.9,51.8
57415500,-2.82,25.29,110.8,6.22,143.4,181.3,52.3
57417000,-2.95,26.35,106.7,5.95,137.0,173.7,52.1
57418500,-2.79,24.85,112.9,6.28,145.4,184.1,52.2
57420000,-2.98,26.58,105.9,5.89,135.5,172.0,52.0
57421500,-2.77,24.99,112.0,6.32,145.7,183.8,52.5
57423000,-2.85,25.89,108.0,6.14,141.1,177.7,52.6
57424500,-2.73,25.21,110.1,6.41,146.8,183.5,53.1
57426000,-2.92,26.21,107.1,6.01,138.2,174.8,52.2
57427500,-2.75,25.36,109.6,6.37,145.8,182.4,53.1
57429000,-2.90,25.75,109.3,6.05,139.6,177.3,51.9
57430500,-2.81,25.70,108.5,6.23,142.9,179.4,52.8
57432000,-2.94,25.87,109.2,5.96,137.9,175.9,51.6
57433500,-2.80,25.44,109.8,6.25,143.6,180.8,52.6
57435000,-2.85,25.10,112.3,6.16,142.7,181.6,51.8
57436500,-2.84,25.59,109.5,6.17,142.0,179.3,52.4
57438000,-2.81,25.04,112.2,6.23,144.1,182.6,52.1
57439500,-2.82,25.52,109.6,6.21,142.9,180.1,52.5
57441000,-2.81,24.72,113.9,6.24,144.9,184.3,51.8
57442500,-2.89,26.04,107.7,6.06,139.3,176.1,52.3
57444000,-2.79,25.11,111.4,6.29,144.9,182.8,52.4
57445500,-2.89,26.03,107.7,6.06,139.4,176.2,52.3
57447000,-2.84,24.66,114.7,6.17,143.6,183.8,51.4
57448500,-3.01,26.03,109.1,5.82,135.3,173.8,51.1
57450000,-2.84,24.77,114.0,6.17,143.6,183.3,51.6
57451500,-2.97,25.71,110.3,5.90,137.2,176.1,51.2
57453000,-2.80,24.33,116.2,6.25,145.7,186.3,51.4
57454500,-3.01,26.00,109.2,5.83,135.5,174.0,51.1
57456000,-2.78,24.42,115.3,6.31,146.6,186.5,51.8
57457500,-2.88,25.37,111.2,6.08,140.9,179.4,51.7
57459000,-2.74,24.73,113.0,6.40,147.5,185.8,52.5
57460500,-2.94,25.59,110.6,5.97,138.6,177.3,51.4
57462000,-2.74,24.76,112.8,6.40,147.5,185.7,52.6
57463500,-2.92,25.18,112.6,6.01,140.0,179.6,51.2
57465000,-2.82,25.15,111.6,6.22,143.7,181.9,52.2
57466500,-2.96,25.35,112.1,5.93,138.2,177.9,50.9
57468000,-2.80,25.02,112.2,6.25,144.5,182.9,52.2
57469500,-2.82,24.79,113.6,6.22,144.4,183.8,51.8
57471000,-2.79,25.15,111.3,6.27,144.6,182.5,52.4
57472500,-2.78,24.68,113.8,6.31,146.1,185.2,52.1
57474000,-2.77,25.12,111.3,6.32,145.4,183.1,52.6
57475500,-2.76,24.38,115.3,6.35,147.4,187.2,52.0
57477000,-2.85,25.52,110.0,6.16,141.9,179.5,52.2
57478500,-2.75,24.68,113.4,6.38,147.3,185.9,52.4
57480000,-2.83,25.51,109.8,6.19,142.5,179.9,52.4
57481500,-2.74,24.35,115.3,6.39,148.1,187.6,52.1
57483000,-2.90,25.66,109.8,6.05,139.9,177.8,51.9
57484500,-2.75,24.54,114.3,6.37,147.5,186.6,52.2
57486000,-2.86,25.43,110.5,6.14,141.8,179.8,52.1
57487500,-2.70,24.14,116.0,6.47,150.0,189.6,52.3
57489000,-2.88,25.73,109.2,6.09,140.4,177.9,52.1
57490500,-2.68,24.12,115.8,6.54,151.1,190.4,52.5
57492000,-2.77,25.06,111.5,6.32,145.6,183.4,52.5
57493500,-2.65,24.33,114.1,6.62,152.0,190.1,53.1
57495000,-2.83,25.40,110.3,6.20,142.9,180.6,52.3
57496500,-2.65,24.45,113.4,6.60,151.5,189.2,53.2
57498000,-2.81,24.89,113.0,6.24,144.5,183.4,52.0
57499500,-2.72,24.86,112.0,6.44,147.9,185.5,52.9
57501000,-2.84,25.10,112.2,6.16,142.8,181.6,51.8
57502500,-2.72,24.68,113.1,6.44,148.3,186.5,52.7
57504000,-2.78,24.40,115.5,6.29,146.4,186.5,51.7
57505500,-2.76,24.71,113.4,6.35,146.8,185.5,52.3
57507000,-2.76,24.38,115.3,6.35,147.4,187.1,52.0
57508500,-2.78,24.52,114.8,6.30,146.3,186.0,51.9
57510000,-2.76,23.86,118.5,6.34,148.1,189.7,51.3
57511500,-2.84,24.95,113.1,6.16,143.1,182.4,51.7
57513000,-2.77,24.10,117.1,6.33,147.5,188.4,51.6
57514500,-2.85,25.02,112.7,6.15,142.8,181.9,51.7
57516000,-2.76,23.86,118.4,6.36,148.5,189.9,51.4
57517500,-2.91,25.17,112.6,6.02,140.1,179.8,51.2
57519000,-2.76,24.01,117.6,6.34,147.9,188.9,51.5
57520500,-2.87,24.89,113.7,6.10,142.0,182.0,51.3
57522000,-2.72,23.54,119.9,6.45,150.7,192.6,51.5
57523500,-2.92,25.13,112.9,6.01,140.1,179.9,51.2
57525000,-2.69,23.56,119.5,6.50,151.6,193.0,51.8
57526500,-2.78,24.49,115.0,6.29,146.2,186.0,51.8
57528000,-2.66,23.87,117.1,6.59,152.5,192.2,52.5
57529500,-2.84,24.84,113.6,6.17,143.4,183.0,51.6
57531000,-2.61,24.00,115.6,6.71,154.2,192.7,53.1
57532500,-2.76,24.58,114.2,6.34,146.8,186.0,52.1
57534000,-2.69,24.44,114.0,6.51,150.1,188.5,52.8
57535500,-2.80,24.76,113.6,6.26,145.2,184.3,52.0
57537000,-2.67,24.28,114.8,6.55,150.9,189.6,52.7
57538500,-2.74,24.07,117.0,6.39,148.6,189.1,51.8
57540000,-2.71,24.23,115.7,6.45,149.4,189.0,52.3
57541500,-2.72,24.09,116.6,6.44,149.4,189.5,52.0
57543000,-2.69,24.21,115.5,6.51,150.4,189.6,52.5
57544500,-2.67,23.66,118.6,6.55,152.3,193.1,52.1
57546000,-2.73,24.55,113.9,6.42,148.2,186.9,52.5
57547500,-2.68,23.87,117.4,6.53,151.6,191.7,52.2
57549000,-2.75,24.69,113.4,6.37,147.1,185.7,52.4
57550500,-2.67,23.62,118.7,6.57,152.6,193.4,52.1
57552000,-2.79,24.80,113.2,6.28,145.4,184.3,52.1
57553500,-2.68,23.79,117.8,6.54,151.8,192.2,52.2
57555000,-2.76,24.59,114.1,6.35,147.0,186.1,52.2
57556500,-2.63,23.29,120.4,6.66,154.9,196.2,52.2
57558000,-2.80,24.82,113.2,6.26,145.1,184.0,52.0
57559500,-2.61,23.33,119.8,6.72,155.8,196.5,52.4
57561000,-2.69,24.25,115.2,6.51,150.3,189.4,52.5
57562500,-2.57,23.51,118.2,6.80,156.7,196.3,53.0
57564000,-2.73,24.55,113.9,6.42,148.3,187.0,52.5
57565500,-2.57,23.57,117.7,6.80,156.7,196.0,53.1
57567000,-2.71,24.20,115.8,6.45,149.5,189.1,52.2
57568500,-2.65,23.98,116.3,6.61,152.6,191.8,52.7
57570000,-2.82,24.22,116.9,6.22,145.4,186.6,51.2
57571500,-2.68,23.82,117.7,6.54,151.7,192.0,52.2
57573000,-2.77,23.63,120.1,6.31,148.1,190.7,51.0
57574500,-2.73,23.80,118.5,6.41,149.6,190.8,51.6
57576000,-2.75,23.54,120.3,6.38,149.4,191.8,51.2
57577500,-2.70,23.72,118.6,6.49,151.1,192.0,51.9
57579000,-2.68,23.04,122.7,6.53,153.2,196.3,51.3
57580500,-2.74,24.02,117.2,6.40,148.9,189.5,51.8
57582000,-2.69,23.33,121.0,6.51,152.1,194.4,51.5
57583500,-2.77,24.25,116.2,6.32,147.2,187.6,51.7
57585000,-2.67,23.06,122.4,6.56,153.7,196.5,51.5
57586500,-2.82,24.39,116.0,6.22,145.0,185.7,51.4
57588000,-2.69,23.22,121.6,6.51,152.5,195.0,51.4
57589500,-2.79,24.05,117.6,6.29,146.9,188.2,51.3
57591000,-2.63,22.77,123.8,6.66,155.9,199.1,51.5
57592500,-2.76,24.46,114.9,6.35,147.2,186.7,52.0
57594000,-2.57,22.93,121.9,6.80,158.1,199.7,52.4
57595500,-2.66,23.87,117.1,6.59,152.5,192.3,52.5
57597000,-2.55,23.05,120.9,6.86,158.8,199.5,52.7
57598500,-2.69,24.11,116.0,6.51,150.7,190.2,52.4
57600000,-2.53,23.15,119.8,6.92,159.6,199.6,53.1
57601500,-2.68,23.82,117.6,6.54,151.8,192.0,52.2
57603000,-2.60,23.53,118.5,6.73,155.5,195.5,52.7
57604500,-2.71,24.02,116.9,6.46,150.0,190.2,52.1
57606000,-2.60,23.56,118.2,6.74,155.7,195.5,52.8
57607500,-2.68,23.36,120.6,6.54,152.7,194.5,51.7
57609000,-2.63,23.37,119.9,6.66,154.7,195.7,52.2
57610500,-2.67,23.48,119.7,6.56,152.8,194.1,51.9
57612000,-2.61,23.41,119.4,6.70,155.3,195.9,52.5
57613500,-2.59,22.89,122.4,6.77,157.6,199.6,52.2
57615000,-2.64,23.69,117.9,6.64,153.7,193.7,52.5
57616500,-2.60,23.12,121.1,6.72,156.4,197.8,52.2
57618000,-2.67,23.85,117.3,6.57,152.1,192.1,52.4
57619500,-2.58,22.85,122.6,6.78,157.9,200.0,52.2
57621000,-2.71,24.06,116.6,6.47,150.1,190.1,52.2
57622500,-2.60,22.99,121.9,6.73,156.7,198.6,52.1
57624000,-2.69,23.74,118.4,6.51,151.4,192.2,52.0
57625500,-2.55,22.51,124.6,6.85,159.9,202.7,52.1
57627000,-2.71,24.04,116.8,6.46,149.9,190.0,52.1
57628500,-2.53,22.51,124.2,6.91,161.0,203.3,52.3
57630000,-2.62,23.52,118.8,6.68,154.8,195.2,52.5
57631500,-2.57,22.53,124.6,6.81,159.1,202.1,51.9
57633000,-2.71,23.61,119.4,6.46,150.7,192.3,51.6
57634500,-2.53,22.76,122.5,6.91,160.3,201.8,52.6
57636000,-2.68,23.38,120.5,6.53,152.5,194.3,51.7
57637500,-2.61,23.14,121.0,6.72,156.2,197.6,52.2
57639000,-2.73,23.54,120.1,6.41,150.1,192.2,51.3
57640500,-2.61,23.08,121.5,6.71,156.2,197.8,52.1
57642000,-2.70,22.97,123.4,6.48,152.4,196.1,51.0
57643500,-2.65,23.00,122.5,6.61,154.6,197.3,51.6
57645000,-2.70,23.10,122.6,6.48,152.1,195.3,51.1
57646500,-2.62,22.91,122.8,6.67,156.0,198.5,51.8
57648000,-2.60,22.35,126.4,6.72,157.9,202.3,51.3
57649500,-2.65,23.19,121.3,6.62,154.4,196.3,51.8
57651000,-2.62,22.58,125.0,6.68,156.7,200.5,51.4
57652500,-2.69,23.35,120.7,6.52,152.3,194.3,51.6
57654000,-2.55,22.40,125.3,6.86,160.2,203.4,52.0
57655500,-2.67,23.64,118.7,6.57,152.6,193.3,52.1
57657000,-2.56,22.65,123.7,6.84,159.4,201.7,52.2
57658500,-2.65,23.32,120.4,6.62,154.1,195.6,52.0
57660000,-2.53,22.20,126.3,6.93,161.9,205.4,52.0
57661500,-2.67,23.59,119.0,6.57,152.7,193.5,52.1
57663000,-2.49,22.24,125.6,7.01,163.3,206.0,52.4
57664500,-2.58,23.18,120.5,6.78,157.1,198.0,52.5
57666000,-2.48,22.16,126.0,7.04,163.9,206.8,52.4
57667500,-2.61,23.35,119.6,6.72,155.8,196.4,52.5
57669000,-2.46,22.42,123.8,7.10,164.4,205.8,53.0
57670500,-2.58,23.15,120.6,6.78,157.3,198.2,52.5
57672000,-2.51,22.71,122.6,6.96,161.3,202.6,52.8
57673500,-2.63,23.30,120.3,6.66,155.0,196.2,52.2
57675000,-2.52,22.74,122.5,6.93,160.8,202.2,52.7
57676500,-2.61,22.66,124.3,6.71,157.0,200.3,51.6
57678000,-2.56,22.68,123.5,6.83,159.2,201.5,52.2
57679500,-2.62,22.90,122.8,6.69,156.2,198.7,51.8
57681000,-2.54,22.61,123.6,6.89,160.4,202.5,52.4
57682500,-2.51,22.13,126.7,6.96,162.5,206.1,52.1
57684000,-2.55,22.76,122.8,6.87,159.6,201.4,52.4
57685500,-2.53,22.34,125.4,6.92,161.4,204.4,52.2
57687000,-2.59,23.02,121.6,6.77,157.4,198.8,52.3
57688500,-2.51,22.11,126.8,6.96,162.6,206.2,52.0
57690000,-2.62,23.23,120.7,6.68,155.3,196.7,52.2
57691500,-2.53,22.31,125.6,6.92,161.5,204.6,52.1
57693000,-2.68,22.84,123.9,6.54,153.7,197.5,51.1
57694500,-2.54,21.77,129.7,6.88,162.1,207.6,51.3
57696000,-2.70,23.14,122.3,6.49,152.3,195.3,51.2
57697500,-2.51,21.76,129.3,6.98,163.8,208.6,51.7
57699000,-2.62,22.78,123.6,6.69,156.6,199.5,51.7
57700500,-2.51,21.69,129.8,6.98,163.9,209.1,51.6
57702000,-2.63,22.89,123.1,6.64,155.4,198.3,51.6
57703500,-2.46,22.02,126.6,7.11,165.4,208.3,52.6
57705000,-2.60,22.70,123.8,6.74,157.6,200.4,51.8
57706500,-2.51,22.26,125.6,6.97,162.6,205.5,52.3
57708000,-2.64,22.81,123.7,6.62,155.2,198.5,51.4
57709500,-2.53,22.27,126.0,6.90,161.3,204.7,52.0
57711000,-2.63,22.27,127.3,6.65,156.8,202.0,50.9
57712500,-2.56,22.35,125.9,6.82,159.8,203.4,51.8
57714000,-2.65,22.52,125.7,6.62,155.7,200.1,51.1
57715500,-2.50,22.24,125.7,7.00,163.1,205.9,52.4
57717000,-2.48,21.77,128.7,7.06,165.3,209.5,52.1
57718500,-2.51,22.41,124.7,6.96,162.0,204.4,52.4
57720000,-2.48,22.01,127.0,7.04,164.3,207.7,52.3
57721500,-2.56,22.65,123.7,6.85,159.5,201.8,52.2
57723000,-2.48,21.64,129.8,7.05,165.2,210.1,51.9
57724500,-2.59,22.85,122.8,6.75,157.4,199.6,52.0
57726000,-2.50,21.94,127.8,7.00,163.8,207.8,52.0
57727500,-2.58,22.53,124.7,6.79,158.8,201.9,51.9
57729000,-2.46,21.61,129.7,7.10,166.3,210.9,52.0
57730500,-2.59,22.81,123.1,6.75,157.5,199.9,52.0
57732000,-2.43,21.46,130.3,7.21,168.4,212.9,52.3
57733500,-2.53,22.50,124.4,6.91,160.8,203.3,52.3
57735000,-2.43,21.37,131.0,7.20,168.5,213.5,52.1
57736500,-2.54,22.63,123.5,6.88,160.1,202.3,52.4
57738000,-2.39,21.74,127.5,7.33,169.8,212.3,53.1
57739500,-2.50,22.42,124.5,6.99,162.5,204.6,52.5
57741000,-2.42,21.88,127.0,7.22,167.6,210.3,52.8
57742500,-2.54,22.58,123.9,6.88,160.2,202.5,52.3
57744000,-2.45,22.00,126.7,7.13,165.8,208.7,52.6
57745500,-2.54,22.00,128.0,6.88,161.5,206.1,51.6
57747000,-2.48,21.97,127.3,7.05,164.6,208.1,52.3
57748500,-2.55,22.28,126.2,6.85,160.4,204.1,51.8
57750000,-2.47,21.79,128.4,7.09,165.7,209.7,52.2
57751500,-2.44,21.41,130.9,7.17,167.9,212.9,52.1
57753000,-2.47,22.09,126.3,7.08,164.7,207.6,52.5
57754500,-2.50,21.59,130.5,6.99,164.3,209.8,51.6
57756000,-2.57,22.21,127.0,6.80,159.7,204.0,51.5
57757500,-2.49,21.18,133.5,7.02,165.7,212.8,51.2
57759000,-2.61,22.43,125.9,6.70,157.3,201.5,51.3
57760500,-2.51,21.43,131.7,6.98,164.5,210.7,51.3
57762000,-2.59,22.10,127.9,6.76,159.0,204.1,51.2
57763500,-2.48,21.17,133.4,7.05,166.3,213.2,51.3
57765000,-2.63,22.43,126.2,6.65,156.5,201.0,51.1
57766500,-2.44,21.07,133.5,7.18,168.9,215.3,51.7
57768000,-2.56,22.10,127.5,6.84,160.6,205.1,51.6
57769500,-2.44,20.97,134.3,7.15,168.7,215.6,51.5
57771000,-2.58,22.28,126.6,6.78,159.1,203.3,51.5
57772500,-2.40,21.31,131.0,7.29,170.3,214.8,52.4
57774000,-2.52,21.96,128.0,6.94,162.6,206.9,51.8
57775500,-2.41,21.39,130.6,7.25,169.3,213.8,52.4
57777000,-2.50,22.20,125.9,7.00,163.1,206.0,52.3
57778500,-2.42,21.63,128.8,7.23,168.4,212.0,52.6
57780000,-2.50,21.69,129.7,6.99,164.1,209.2,51.7
57781500,-2.45,21.64,129.2,7.15,167.1,211.2,52.3
57783000,-2.52,21.93,128.2,6.94,162.7,207.2,51.8
57784500,-2.44,21.45,130.6,7.17,167.9,212.6,52.1
57786000,-2.40,21.04,133.2,7.27,170.6,216.5,52.0
57787500,-2.43,21.68,128.7,7.18,167.5,211.3,52.5
57789000,-2.42,21.34,131.2,7.21,168.9,213.9,52.2
57790500,-2.46,21.79,128.4,7.10,165.8,209.7,52.3
57792000,-2.42,21.06,133.3,7.23,169.8,215.8,51.9
57793500,-2.51,22.08,127.0,6.96,162.7,206.4,52.0
57795000,-2.42,21.29,131.5,7.23,169.2,214.3,52.1
57796500,-2.48,21.67,129.6,7.04,165.1,209.9,51.9
57798000,-2.38,20.85,134.4,7.34,172.2,218.5,52.0
57799500,-2.52,22.04,127.4,6.94,162.4,206.4,51.9
57801000,-2.35,20.83,134.1,7.43,173.9,219.6,52.4
57802500,-2.47,21.81,128.4,7.07,165.2,209.2,52.2
57804000,-2.36,20.73,135.0,7.40,173.6,219.9,52.1
57805500,-2.48,22.01,127.1,7.05,164.4,207.8,52.3
57807000,-2.32,20.98,132.2,7.55,175.5,219.7,53.0
57808500,-2.43,21.65,128.9,7.19,167.7,211.5,52.4
57810000,-2.34,21.07,131.8,7.48,174.0,218.3,52.9
57811500,-2.47,21.87,127.9,7.07,165.2,208.9,52.2
57813000,-2.39,21.21,131.6,7.33,171.1,215.9,52.4
57814500,-2.48,21.29,132.3,7.07,166.4,212.6,51.5
57816000,-2.45,21.39,131.2,7.14,167.4,212.7,51.9
57817500,-2.54,21.49,131.8,6.88,162.5,209.2,51.0
57819000,-2.45,21.07,133.7,7.13,167.9,214.7,51.5
57820500,-2.42,20.59,137.0,7.24,171.1,219.2,51.3
57822000,-2.46,21.25,132.4,7.11,167.2,213.3,51.6
57823500,-2.44,20.88,135.0,7.17,169.2,216.5,51.4
57825000,-2.48,21.33,132.0,7.06,166.1,212.2,51.5
57826500,-2.44,20.45,138.4,7.18,170.3,219.4,50.9
57828000,-2.54,21.74,129.9,6.88,162.1,207.7,51.3
57829500,-2.44,20.81,135.6,7.18,169.5,217.0,51.3
57831000,-2.52,21.44,131.8,6.94,163.8,210.3,51.2
57832500,-2.43,20.51,137.8,7.20,170.5,219.3,51.1
57834000,-2.55,21.69,130.4,6.85,161.7,207.7,51.1
57835500,-2.36,20.47,137.1,7.40,174.3,221.8,51.8
57837000,-2.50,21.51,131.1,6.99,164.4,210.3,51.4
57838500,-2.33,20.36,137.5,7.51,176.5,223.8,52.1
57840000,-2.46,21.70,129.1,7.10,166.0,210.3,52.1
57841500,-2.29,20.62,134.8,7.62,177.6,222.9,52.8
57843000,-2.40,21.31,131.0,7.29,170.3,214.8,52.4
57844500,-2.30,20.68,134.4,7.60,177.1,222.3,52.8
57846000,-2.44,21.50,130.2,7.16,167.6,212.2,52.2
57847500,-2.35,20.90,133.5,7.42,173.6,219.0,52.4
57849000,-2.45,20.95,134.6,7.14,168.4,215.6,51.4
57850500,-2.38,20.97,133.4,7.35,172.2,217.8,52.2
57852000,-2.45,21.16,133.0,7.13,167.8,214.1,51.6
57853500,-2.37,20.81,134.5,7.38,173.0,219.1,52.2
57855000,-2.34,20.43,137.2,7.46,175.5,222.7,52.0
57856500,-2.37,20.94,133.5,7.37,172.6,218.2,52.3
57858000,-2.35,20.65,135.5,7.45,174.7,221.0,52.2
57859500,-2.39,21.02,133.1,7.33,171.6,217.2,52.2
57861000,-2.38,20.17,140.0,7.35,174.1,223.3,51.2
57862500,-2.45,21.39,131.2,7.14,167.4,212.7,51.9
57864000,-2.36,20.51,136.7,7.42,174.5,221.7,51.9
57865500,-2.43,21.17,132.6,7.20,169.0,214.8,51.9
57867000,-2.35,20.35,138.0,7.43,175.1,223.0,51.8
57868500,-2.45,21.34,131.6,7.14,167.6,213.1,51.9
57870000,-2.29,20.16,138.6,7.63,179.1,226.5,52.3
57871500,-2.42,21.14,132.6,7.23,169.7,215.4,52.0
57873000,-2.30,20.04,139.9,7.58,178.6,226.9,51.9
57874500,-2.43,21.34,131.3,7.19,168.4,213.5,52.1
57876000,-2.26,20.24,137.4,7.72,180.4,226.8,52.7
57877500,-2.42,20.98,134.0,7.22,169.7,216.2,51.7
57879000,-2.30,20.29,137.6,7.60,178.2,225.2,52.3
57880500,-2.46,21.11,133.5,7.11,167.6,214.2,51.5
57882000,-2.36,20.51,136.9,7.40,174.2,221.5,51.8
57883500,-2.46,20.59,137.6,7.11,168.8,217.8,50.8
57885000,-2.39,20.64,136.1,7.32,172.5,219.7,51.7
57886500,-2.47,20.83,136.0,7.07,167.4,215.7,50.9
57888000,-2.38,20.27,139.2,7.33,173.5,222.4,51.3
57889500,-2.37,19.97,141.5,7.38,175.1,225.1,51.1
57891000,-2.39,20.55,136.9,7.32,172.7,220.4,51.6
57892500,-2.37,20.27,138.9,7.38,174.4,223.0,51.5
57894000,-2.40,20.55,137.0,7.29,172.2,220.0,51.5
57895500,-2.39,19.68,144.4,7.32,174.5,226.5,50.4
57897000,-2.47,21.08,133.9,7.08,167.1,214.1,51.3
57898500,-2.38,20.18,139.9,7.34,173.9,223.2,51.2
57900000,-2.39,20.76,135.2,7.31,172.0,218.8,51.8
57901500,-2.32,19.95,140.9,7.53,177.8,226.9,51.6
57903000,-2.42,20.97,134.0,7.22,169.8,216.3,51.7
57904500,-2.26,19.81,141.1,7.74,181.9,230.2,52.2
57906000,-2.38,20.81,134.7,7.34,172.4,218.8,52.0
57907500,-2.27,19.67,142.6,7.69,181.4,230.8,51.8
57909000,-2.40,20.95,133.9,7.27,170.8,217.1,51.9
57910500,-2.24,19.87,140.3,7.80,182.8,230.4,52.5
57912000,-2.34,20.63,135.4,7.48,175.2,221.5,52.3
57913500,-2.24,19.98,139.2,7.80,182.5,229.5,52.7
57915000,-2.38,20.88,134.1,7.36,172.5,218.5,52.1
57916500,-2.29,20.23,138.0,7.62,178.7,225.8,52.3
57918000,-2.38,20.22,139.5,7.35,173.9,223.0,51.3
57919500,-2.31,20.30,137.8,7.55,177.4,224.6,52.2
57921000,-2.39,20.50,137.5,7.30,172.4,220.5,51.4
57922500,-2.31,20.08,139.7,7.56,178.0,226.3,51.9
57924000,-2.29,19.90,140.9,7.62,179.6,228.3,51.9
57925500,-2.31,20.21,138.5,7.56,177.7,225.3,52.1
57927000,-2.29,20.01,140.0,7.62,179.3,227.5,52.0
57928500,-2.31,20.21,138.5,7.56,177.8,225.3,52.1
57930000,-2.31,19.52,144.6,7.56,179.5,230.5,51.1
57931500,-2.39,20.66,136.0,7.32,172.3,219.6,51.7
57933000,-2.30,19.87,141.3,7.60,179.3,228.3,51.8
57934500,-2.35,20.52,136.6,7.42,174.6,221.7,51.9
57936000,-2.30,19.71,142.7,7.60,179.7,229.5,51.6
57937500,-2.39,20.66,136.1,7.30,172.1,219.4,51.7
57939000,-2.28,19.46,144.7,7.66,181.5,232.1,51.4
57940500,-2.41,20.39,138.6,7.25,171.7,220.7,51.1
57942000,-2.28,19.29,146.3,7.66,181.8,233.4,51.2
57943500,-2.44,20.62,137.1,7.17,169.8,218.2,51.1
57945000,-2.26,19.50,143.8,7.75,182.9,232.7,51.8
57946500,-2.34,20.19,139.3,7.45,175.9,224.4,51.6
57948000,-2.25,19.68,142.2,7.76,182.7,231.5,52.1
57949500,-2.41,20.45,138.1,7.26,171.9,220.4,51.2
57951000,-2.30,19.81,141.8,7.60,179.5,228.7,51.7
57952500,-2.40,19.92,142.4,7.29,173.4,224.4,50.6
57954000,-2.33,19.93,141.2,7.52,177.7,226.9,51.5
57955500,-2.41,20.17,140.5,7.24,172.0,222.1,50.8
57957000,-2.32,19.71,143.1,7.52,178.3,228.6,51.2
57958500,-2.31,19.45,145.3,7.55,179.5,230.9,51.0
57960000,-2.33,19.89,141.7,7.49,177.3,227.0,51.4
57961500,-2.27,19.57,143.5,7.69,181.7,231.5,51.7
57963000,-2.27,19.91,140.4,7.70,181.0,229.1,52.2
57964500,-2.29,19.11,148.0,7.64,182.0,234.6,50.9
57966000,-2.35,20.32,138.3,7.43,175.1,223.2,51.7
57967500,-2.27,19.53,143.8,7.70,182.1,232.0,51.7
57969000,-2.32,20.12,139.5,7.53,177.5,225.7,51.8
57970500,-2.26,19.32,145.7,7.71,182.8,233.7,51.5
57972000,-2.36,20.32,138.4,7.40,174.6,222.8,51.6
57973500,-2.21,19.19,146.0,7.89,186.3,236.7,51.9
57975000,-2.33,20.10,139.7,7.52,177.3,225.7,51.7
57976500,-2.21,19.05,147.3,7.90,186.8,237.9,51.8
57978000,-2.35,20.33,138.1,7.45,175.5,223.3,51.8
57979500,-2.19,19.20,145.4,7.99,188.1,237.7,52.3
57981000,-2.27,19.98,139.8,7.70,180.8,228.6,52.3
57982500,-2.17,19.33,143.9,8.04,188.5,237.1,52.6
57984000,-2.31,20.17,138.9,7.56,177.8,225.6,52.0
57985500,-2.23,19.50,143.4,7.84,184.6,233.8,52.2
57987000,-2.32,19.63,143.8,7.53,178.6,229.3,51.2
57988500,-2.25,19.70,142.0,7.75,182.4,231.2,52.1
57990000,-2.33,19.90,141.5,7.49,177.3,226.9,51.4
57991500,-2.25,19.41,144.7,7.75,183.3,233.5,51.7
57993000,-2.26,19.28,145.9,7.74,183.3,234.3,51.5
57994500,-2.25,19.61,142.8,7.75,182.7,231.9,52.0
57996000,-2.23,19.33,144.9,7.84,185.0,235.0,51.9
57997500,-2.25,19.48,143.9,7.78,183.5,233.2,51.9
57999000,-2.26,18.87,149.9,7.72,184.0,237.3,50.8
58000500,-2.38,20.02,141.2,7.36,174.6,224.5,51.0
58002000,-2.28,19.24,146.7,7.67,182.1,233.8,51.1
58003500,-2.36,19.81,142.7,7.42,176.1,226.7,51.0
58005000,-2.28,18.98,149.1,7.66,182.7,235.8,50.8
58006500,-2.39,19.93,142.2,7.32,174.1,224.7,50.8
58008000,-2.24,18.99,148.3,7.80,185.2,237.3,51.3
58009500,-2.35,19.72,143.4,7.43,176.6,227.5,50.9
58011000,-2.23,18.69,151.1,7.84,186.7,240.2,51.0
58012500,-2.37,19.99,141.5,7.36,174.7,224.8,51.0
58014000,-2.20,18.83,149.3,7.93,188.0,240.1,51.6
58015500,-2.29,19.49,144.5,7.64,181.1,231.7,51.4
58017000,-2.18,19.00,147.3,7.99,188.7,239.3,52.0
58018500,-2.34,19.79,142.7,7.47,177.2,227.5,51.2
58020000,-2.23,19.09,147.2,7.85,185.9,237.1,51.6
58021500,-2.34,19.22,147.8,7.46,178.3,231.6,50.3
58023000,-2.23,19.30,145.3,7.82,184.8,235.1,51.8
58024500,-2.31,19.60,143.9,7.56,179.3,229.9,51.3
58026000,-2.22,19.13,146.7,7.87,186.2,237.0,51.8
58027500,-2.23,19.03,147.9,7.82,185.5,237.3,51.4
58029000,-2.23,19.27,145.7,7.82,184.9,235.4,51.8
58030500,-2.19,19.03,147.2,7.96,188.0,238.7,51.9
58032000,-2.21,19.18,146.0,7.90,186.5,236.9,51.9
58033500,-2.22,18.69,151.0,7.85,187.0,240.3,51.1
58035000,-2.29,19.67,142.9,7.62,180.2,230.0,51.6
58036500,-2.21,18.94,148.3,7.91,187.4,239.0,51.6
58038000,-2.27,19.47,144.4,7.70,182.1,232.4,51.6
58039500,-2.22,18.71,150.7,7.89,187.5,240.5,51.2
58041000,-2.30,19.62,143.6,7.59,179.8,230.1,51.4
58042500,-2.17,18.74,149.6,8.04,190.3,242.1,51.8
58044000,-2.26,19.43,144.6,7.72,182.6,232.9,51.6
58045500,-2.16,18.43,152.5,8.09,192.1,245.2,51.5
58047000,-2.29,19.63,143.3,7.63,180.4,230.4,51.6
58048500,-2.13,18.65,149.7,8.21,193.5,244.7,52.3
58050000,-2.21,19.24,145.4,7.92,186.7,236.6,52.1
58051500,-2.12,18.72,148.8,8.23,193.7,244.3,52.5
58053000,-2.26,19.52,143.7,7.75,182.8,232.6,51.8
58054500,-2.15,18.79,148.7,8.12,191.5,242.5,52.2
58056000,-2.26,19.01,148.5,7.73,183.8,236.3,51.1
58057500,-2.20,19.00,147.7,7.92,187.4,238.6,51.8
58059000,-2.27,19.23,146.6,7.69,182.6,234.2,51.2
58060500,-2.19,18.87,148.6,7.99,188.9,240.4,51.8
58062000,-2.23,18.61,151.9,7.84,187.0,240.9,50.9
58063500,-2.25,18.95,148.9,7.77,184.8,237.3,51.1
58065000,-2.22,18.67,151.2,7.87,187.4,240.8,51.1
58066500,-2.22,18.80,149.8,7.87,186.9,239.6,51.3
58068000,-2.23,18.32,154.9,7.83,187.4,243.1,50.4
58069500,-2.31,19.28,146.9,7.55,179.9,232.2,50.8
58071000,-2.21,18.68,151.0,7.89,187.6,240.8,51.2
58072500,-2.27,19.10,147.9,7.69,182.9,235.2,51.0
58074000,-2.22,18.41,153.7,7.87,188.1,242.9,50.7
58075500,-2.33,19.26,147.3,7.50,179.0,231.8,50.5
58077000,-2.17,18.31,153.9,8.06,191.8,245.9,51.3
58078500,-2.27,18.94,149.4,7.68,183.1,236.4,50.8
58080000,-2.16,18.03,156.8,8.07,192.7,248.4,50.9
58081500,-2.32,19.38,146.0,7.54,179.4,231.3,50.9
58083000,-2.14,18.32,153.2,8.17,193.9,247.1,51.7
58084500,-2.20,18.85,149.0,7.95,188.3,240.2,51.6
58086000,-2.09,18.36,151.9,8.34,196.6,248.5,52.3
58087500,-2.23,19.22,146.0,7.83,185.2,235.9,51.7
58089000,-2.11,18.49,150.9,8.28,195.2,246.7,52.3
58090500,-2.23,18.70,151.0,7.84,186.6,240.0,51.0
58092000,-2.17,18.68,150.1,8.05,190.7,242.7,51.8
58093500,-2.24,18.89,149.4,7.78,185.2,237.9,51.1
58095000,-2.16,18.50,151.7,8.10,192.0,244.7,51.7
58096500,-2.19,18.46,152.7,7.99,190.1,243.8,51.2
58098000,-2.17,18.67,150.2,8.06,190.9,242.9,51.8
58099500,-2.14,18.44,152.0,8.15,193.1,245.7,51.8
58101000,-2.16,18.54,151.3,8.09,191.6,244.2,51.7
58102500,-2.16,18.15,155.4,8.08,192.5,247.4,51.1
58104000,-2.23,18.90,149.0,7.84,186.1,238.4,51.3
58105500,-2.14,18.46,151.9,8.16,193.1,245.7,51.8
58107000,-2.21,18.84,149.4,7.89,187.2,239.5,51.4
58108500,-2.16,18.09,155.9,8.10,193.2,248.3,51.1
58110000,-2.25,18.93,149.1,7.78,184.9,237.5,51.1
58111500,-2.14,18.24,154.0,8.17,194.1,247.8,51.6
58113000,-2.21,18.82,149.5,7.92,187.8,240.0,51.5
58114500,-2.11,17.82,158.0,8.28,197.3,252.7,51.3
58116000,-2.23,19.04,147.8,7.82,185.4,237.1,51.4
58117500,-2.08,17.97,155.8,8.39,198.7,252.5,51.9
58119000,-2.15,18.60,150.6,8.11,192.0,244.0,51.9
58120500,-2.07,18.08,154.4,8.42,199.0,251.9,52.2
58122000,-2.20,18.94,148.1,7.95,188.0,239.3,51.8
58123500,-2.11,18.16,154.5,8.26,195.8,249.4,51.7
58125000,-2.24,18.33,154.9,7.79,186.6,242.6,50.3
58126500,-2.19,18.40,153.3,7.99,190.2,244.3,51.1
58128000,-2.27,18.60,152.6,7.70,184.2,239.2,50.4
58129500,-2.17,18.28,154.2,8.05,191.7,246.1,51.2
58131000,-2.22,18.13,156.5,7.88,188.9,245.3,50.4
58132500,-2.19,18.35,153.9,7.96,189.9,244.4,51.0
58134000,-2.17,18.07,156.4,8.06,192.4,247.9,50.9
58135500,-2.17,18.23,154.8,8.05,191.8,246.4,51.1
58137000,-2.17,17.85,158.7,8.07,193.1,250.0,50.6
58138500,-2.24,18.65,151.6,7.81,186.3,240.2,50.8
58140000,-2.17,18.06,156.5,8.06,192.5,248.1,50.9
58141500,-2.24,18.55,152.6,7.80,186.3,240.8,50.7
58143000,-2.17,17.84,158.9,8.06,193.0,249.9,50.5
58144500,-2.27,18.64,152.4,7.68,183.8,238.8,50.3
58146000,-2.15,17.94,157.4,8.12,194.0,249.8,50.9
58147500,-2.19,18.49,152.3,7.99,190.1,243.6,51.3
58149000,-2.08,17.46,161.4,8.40,200.5,257.4,51.2
58150500,-2.20,18.69,150.7,7.92,188.3,241.2,51.3
58152000,-2.06,17.64,159.1,8.46,201.0,256.3,51.6
58153500,-2.13,18.34,152.9,8.19,194.1,247.1,51.8
58155000,-2.04,17.76,157.3,8.54,202.1,256.1,52.1
58156500,-2.17,18.63,150.6,8.06,190.9,243.1,51.7
58158000,-2.05,17.86,156.5,8.51,201.2,254.9,52.1
58159500,-2.18,18.21,155.1,8.02,191.4,246.3,51.0
58161000,-2.12,18.05,155.8,8.23,195.6,250.0,51.5
58162500,-2.19,18.36,153.8,7.96,189.8,244.3,51.0
58164000,-2.11,17.97,156.3,8.29,196.9,251.4,51.6
58165500,-2.16,17.98,157.1,8.10,193.4,249.2,50.9
58167000,-2.12,18.02,156.0,8.24,195.9,250.4,51.5
58168500,-2.11,17.95,156.7,8.27,196.7,251.4,51.5
58170000,-2.11,17.94,156.7,8.29,197.1,251.8,51.5
58171500,-2.10,17.64,159.8,8.32,198.5,254.8,51.2
58173000,-2.15,18.18,154.9,8.12,193.3,247.7,51.3
58174500,-2.09,17.85,157.4,8.34,198.2,253.1,51.5
58176000,-2.16,18.21,154.8,8.08,192.4,246.9,51.2
58177500,-2.11,17.51,161.5,8.27,198.0,255.5,50.8
58179000,-2.19,18.34,153.9,7.98,190.2,244.7,51.0
58180500,-2.10,17.70,159.1,8.31,198.1,254.1,51.2
58182000,-2.16,18.17,155.2,8.09,192.7,247.4,51.2
58183500,-2.05,17.27,163.1,8.50,203.0,260.4,51.2
58185000,-2.22,18.43,153.6,7.87,187.9,242.7,50.7
58186500,-2.07,17.33,162.8,8.42,201.3,258.8,51.0
58188000,-2.15,18.02,156.7,8.11,193.5,249.0,51.0
58189500,-2.05,17.41,161.5,8.50,202.6,259.1,51.4
58191000,-2.19,18.30,154.4,7.96,190.0,244.8,50.9
58192500,-2.06,17.51,160.5,8.46,201.4,257.5,51.4
58194000,-2.18,17.76,159.9,8.01,192.2,250.0,50.3
58195500,-2.13,17.80,158.6,8.20,195.8,252.0,51.0
58197000,-2.22,18.03,157.7,7.86,188.7,245.9,50.1
58198500,-2.11,17.66,159.8,8.26,197.2,253.9,51.0
58200000,-2.18,17.58,161.8,8.03,193.1,251.9,50.0
58201500,-2.14,17.72,159.6,8.16,195.2,252.1,50.7
58203000,-2.11,17.59,160.6,8.27,197.6,254.6,50.9
58204500,-2.12,17.54,161.3,8.23,197.0,254.6,50.7
58206000,-2.11,17.27,164.2,8.26,198.4,257.6,50.4
58207500,-2.13,17.89,157.6,8.20,195.5,251.1,51.1
58209000,-2.07,17.54,160.2,8.45,201.2,257.2,51.5
58210500,-2.14,17.96,157.0,8.17,194.7,250.2,51.1
58212000,-2.08,17.18,164.7,8.39,201.0,259.8,50.7
58213500,-2.17,18.06,156.5,8.06,192.6,248.1,50.9
58215000,-2.08,17.48,161.2,8.39,200.3,257.1,51.2
58216500,-2.13,17.89,157.5,8.21,195.7,251.2,51.2
58218000,-2.03,17.01,165.7,8.60,205.5,264.0,51.1
58219500,-2.15,18.11,155.7,8.12,193.5,248.4,51.2
58221000,-2.01,17.12,164.0,8.68,206.6,263.8,51.6
58222500,-2.08,17.72,158.5,8.39,199.5,254.8,51.5
58224000,-2.00,17.14,163.5,8.72,207.3,264.1,51.7
58225500,-2.12,18.00,156.2,8.25,196.2,250.8,51.5
58227000,-1.99,17.18,162.7,8.78,208.3,264.3,52.0
58228500,-2.11,17.65,159.8,8.29,197.8,254.3,51.1
58230000,-2.07,17.48,161.0,8.44,201.2,257.7,51.3
58231500,-2.13,17.78,158.9,8.19,195.6,252.0,50.9
58233000,-2.06,17.39,161.8,8.49,202.3,259.1,51.4
58234500,-2.12,17.43,162.4,8.25,197.7,255.9,50.6
58236000,-2.07,17.38,162.2,8.42,201.1,258.3,51.1
58237500,-2.10,17.56,160.6,8.33,198.9,255.7,51.1
58239000,-2.05,17.34,162.3,8.50,202.8,259.7,51.3
58240500,-2.04,17.11,164.8,8.54,204.1,262.3,51.1
58242000,-2.08,17.56,160.2,8.40,200.3,256.4,51.3
58243500,-2.05,17.27,163.0,8.52,203.3,260.6,51.3
58245000,-2.11,17.63,160.0,8.29,197.9,254.5,51.0
58246500,-2.07,16.93,167.4,8.43,202.5,262.7,50.4
58248000,-2.19,17.81,159.4,7.99,191.8,249.4,50.3
58249500,-2.10,17.14,165.5,8.31,199.7,259.4,50.4
58251000,-2.16,17.58,161.4,8.09,194.2,252.6,50.3
58252500,-2.05,16.71,169.6,8.51,204.7,265.8,50.4
58254000,-2.18,17.81,159.3,8.01,192.2,249.6,50.3
58255500,-2.03,16.84,167.7,8.59,205.9,265.6,50.8
58257000,-2.11,17.43,162.3,8.27,198.1,256.1,50.7
58258500,-2.02,16.85,167.3,8.65,207.1,266.2,51.1
58260000,-2.14,17.63,160.5,8.18,195.8,253.2,50.7
58261500,-2.00,16.97,165.6,8.72,207.8,265.7,51.5
58263000,-2.13,17.41,162.8,8.20,196.9,255.5,50.4
58264500,-2.07,17.19,164.3,8.44,202.0,260.4,50.9
58266000,-2.15,17.53,161.9,8.11,194.9,253.3,50.3
58267500,-2.07,17.15,164.9,8.42,201.7,260.5,50.7
58269000,-2.12,17.10,166.2,8.23,198.1,258.6,50.0
58270500,-2.06,17.10,165.2,8.47,202.9,261.6,50.8
58272000,-2.10,17.35,162.9,8.33,199.5,257.6,50.8
58273500,-2.03,17.03,165.4,8.59,205.2,263.6,51.1
58275000,-2.02,16.80,167.9,8.66,207.3,266.8,51.0
58276500,-2.04,17.23,163.4,8.53,203.7,261.1,51.3
58278000,-2.02,16.96,166.1,8.63,206.2,264.8,51.2
58279500,-2.08,17.34,162.9,8.38,200.4,258.3,50.9
58281000,-2.03,16.60,170.6,8.61,206.9,268.1,50.5
58282500,-2.11,17.47,161.9,8.25,197.7,255.6,50.7
58284000,-2.03,16.89,167.2,8.59,205.7,265.0,50.9
58285500,-2.08,17.22,164.3,8.37,200.6,259.3,50.7
58287000,-1.99,16.45,171.9,8.75,210.1,271.4,50.7
58288500,-2.10,17.53,161.0,8.32,198.8,255.8,51.0
58290000,-1.97,16.57,169.7,8.88,212.1,271.6,51.3
58291500,-2.05,17.17,164.2,8.50,203.3,261.3,51.1
58293000,-1.96,16.56,169.7,8.91,212.8,272.1,51.4
58294500,-2.07,17.39,162.1,8.42,201.0,258.2,51.1
58296000,-1.95,16.59,169.1,8.94,213.2,272.1,51.6
58297500,-2.06,17.08,165.3,8.49,203.2,261.9,50.9
58299000,-1.99,16.79,167.5,8.76,209.1,267.9,51.3
58300500,-2.08,17.35,162.7,8.39,200.5,258.3,50.9
58302000,-2.01,16.88,166.8,8.69,207.6,266.3,51.2
58303500,-2.08,16.85,168.4,8.41,202.3,263.2,50.2
58305000,-2.02,16.84,167.7,8.62,206.5,265.9,50.9
58306500,-2.08,17.07,165.8,8.41,201.8,261.1,50.6
58308000,-2.03,16.80,168.2,8.60,206.1,266.0,50.8
58309500,-2.03,16.44,172.6,8.59,206.9,269.5,50.2
58311000,-2.07,16.93,167.2,8.45,203.0,263.0,50.5
58312500,-2.04,16.71,169.5,8.54,205.3,266.3,50.5
58314000,-2.11,17.13,165.7,8.28,199.1,259.1,50.2
58315500,-2.05,16.31,174.6,8.53,206.1,270.1,49.7
58317000,-2.14,17.29,164.3,8.17,196.5,256.2,50.1
58318500,-2.06,16.59,171.3,8.47,204.3,266.6,50.0
58320000,-2.11,16.96,167.7,8.26,199.0,260.3,49.9
58321500,-2.02,16.25,174.9,8.63,208.3,272.0,50.0
58323000,-2.12,17.26,164.5,8.22,197.6,257.1,50.2
58324500,-1.97,16.27,173.7,8.84,212.2,274.3,50.7
58326000,-2.08,16.96,167.2,8.38,201.6,261.9,50.3
58327500,-1.99,16.15,175.6,8.78,211.5,274.9,50.3
58329000,-2.10,17.12,165.7,8.32,199.9,259.6,50.3
58330500,-1.94,16.35,172.0,8.98,214.7,275.0,51.3
58332000,-2.03,16.88,167.3,8.59,205.8,265.2,50.9
58333500,-1.97,16.53,170.3,8.87,212.0,271.9,51.2
58335000,-2.06,17.04,165.8,8.49,203.4,262.4,50.8
58336500,-1.99,16.55,170.4,8.79,210.5,270.8,51.0
58338000,-2.06,16.61,171.0,8.48,204.5,266.5,50.1
58339500,-2.01,16.58,170.4,8.70,208.7,269.5,50.8
58341000,-2.05,16.86,167.9,8.49,204.0,264.2,50.5
58342500,-1.99,16.47,171.4,8.77,210.4,271.4,50.8
58344000,-1.97,16.27,173.7,8.84,212.4,274.4,50.7
58345500,-1.99,16.60,169.9,8.76,209.9,270.0,51.0
58347000,-1.98,16.50,170.9,8.80,210.9,271.5,51.0
58348500,-2.04,16.76,168.9,8.55,205.2,265.8,50.6
58350000,-1.99,16.07,176.7,8.75,211.2,275.3,50.1
58351500,-2.06,16.93,167.2,8.47,203.2,263.1,50.6
58353000,-1.98,16.32,173.2,8.80,211.5,273.3,50.7
58354500,-2.04,16.68,169.9,8.54,205.4,266.6,50.4
58356000,-1.97,16.07,176.3,8.85,213.1,276.6,50.4
58357500,-2.05,17.00,166.2,8.51,203.9,263.1,50.8
58359000,-1.92,16.04,175.4,9.10,218.0,279.9,51.2
58360500,-2.02,16.66,169.7,8.63,207.2,267.8,50.7
58362000,-1.92,15.92,177.2,9.07,217.9,280.9,50.9
58363500,-2.03,16.86,167.5,8.59,205.7,265.3,50.8
58365000,-1.90,16.07,174.7,9.17,219.2,280.3,51.4
58366500,-2.01,16.67,169.4,8.69,208.4,268.5,50.9
58368000,-1.93,16.23,173.2,9.05,216.4,277.2,51.3
58369500,-2.04,16.85,167.8,8.55,205.1,265.0,50.7
58371000,-2.00,16.30,173.8,8.73,210.2,272.7,50.4
58372500,-2.08,16.31,175.0,8.41,203.7,268.5,49.3
58374000,-2.02,16.39,173.1,8.62,207.8,270.5,50.2
58375500,-2.09,16.58,171.8,8.36,202.1,265.3,49.6
58377000,-2.01,16.24,174.7,8.70,209.7,272.9,50.2
58378500,-1.98,15.92,178.4,8.80,212.6,277.5,50.0
58380000,-2.01,16.40,172.8,8.67,208.7,270.9,50.4
58381500,-2.00,16.19,175.2,8.72,210.3,273.8,50.2
58383000,-2.06,16.47,172.7,8.48,204.8,267.9,49.9
58384500,-2.01,15.72,181.5,8.68,210.7,278.1,49.3
58386000,-2.09,16.75,169.8,8.35,201.5,263.5,49.9
58387500,-2.00,16.08,176.7,8.72,210.5,274.8,50.0
58389000,-2.06,16.45,173.1,8.46,204.3,267.8,49.7
58390500,-2.00,15.86,179.5,8.73,211.2,277.2,49.6
58392000,-2.07,16.56,171.9,8.43,203.6,266.4,49.8
58393500,-1.89,15.75,178.9,9.23,221.3,284.6,51.1
58395000,-2.01,16.48,171.8,8.68,208.6,270.2,50.5
58396500,-1.90,15.58,181.5,9.17,220.8,285.8,50.6
58398000,-2.02,16.61,170.4,8.62,207.2,268.2,50.6
58399500,-1.88,15.81,177.9,9.26,221.7,284.3,51.3
58401000,-1.98,16.36,172.7,8.81,211.5,273.0,50.8
58402500,-1.89,15.87,177.3,9.22,220.8,283.2,51.2
58404000,-2.01,16.53,171.1,8.68,208.6,269.8,50.6
58405500,-1.95,16.01,176.5,8.96,215.4,278.5,50.7
58407000,-2.01,16.01,177.8,8.66,209.6,274.8,49.7
58408500,-1.96,16.07,176.0,8.90,214.2,277.2,50.6
58410000,-2.02,16.30,174.2,8.65,208.6,271.8,50.1
58411500,-1.95,15.94,177.5,8.96,215.7,279.4,50.6
58413000,-1.93,15.72,180.1,9.06,218.2,282.9,50.5
58414500,-1.95,16.06,175.8,8.96,215.3,278.0,50.8
58416000,-1.94,15.94,177.4,9.00,216.4,279.8,50.7
58417500,-1.98,16.16,175.3,8.80,211.9,275.0,50.4
58419000,-1.96,15.48,184.0,8.91,216.0,283.7,49.6
58420500,-2.02,16.39,173.0,8.65,208.3,270.8,50.3
58422000,-1.94,15.77,179.6,9.00,216.9,281.6,50.4
58423500,-2.01,16.09,176.6,8.70,210.1,274.5,50.0
58425000,-1.94,15.62,181.8,8.99,217.1,283.1,50.1
58426500,-2.01,16.38,172.9,8.69,209.0,271.3,50.4
58428000,-1.88,15.52,181.7,9.30,223.5,288.1,50.9
58429500,-1.98,16.16,175.2,8.80,211.9,274.9,50.4
58431000,-1.90,15.44,183.4,9.19,221.7,287.7,50.4
58432500,-2.05,16.35,174.0,8.53,206.1,269.7,49.8
58434000,-1.88,15.55,181.5,9.25,222.5,287.1,50.8
58435500,-2.00,16.17,175.6,8.70,210.0,273.7,50.1
58437000,-1.90,15.67,180.2,9.18,220.8,285.0,50.8
58438500,-2.03,16.27,174.8,8.60,207.6,271.4,49.9
58440000,-1.96,15.85,178.9,8.90,214.7,279.5,50.2
58441500,-2.04,15.79,181.1,8.56,208.0,275.8,49.0
58443000,-1.97,15.90,178.6,8.85,213.6,278.4,50.1
58444500,-2.04,16.11,177.0,8.56,207.2,272.5,49.5
58446000,-1.96,15.70,181.0,8.89,215.1,281.1,49.9
58447500,-1.95,15.42,184.7,8.95,217.0,285.0,49.6
58449000,-1.97,15.90,178.5,8.86,213.8,278.5,50.1
58450500,-1.95,15.68,181.1,8.94,216.1,282.0,50.0
58452000,-1.99,15.87,179.3,8.76,211.9,277.5,49.8
58453500,-1.97,15.10,189.5,8.87,216.0,287.4,48.7
58455000,-2.00,16.04,177.2,8.73,210.8,275.3,50.0
58456500,-1.91,15.59,181.6,9.12,219.8,285.1,50.4
58458000,-1.98,15.91,178.4,8.83,213.2,278.0,50.1
58459500,-1.93,15.32,185.6,9.05,219.2,287.2,49.7
58461000,-1.99,16.12,175.9,8.79,211.7,275.3,50.3
58462500,-1.85,15.28,184.5,9.45,227.1,292.6,50.9
58464000,-1.96,15.90,178.3,8.89,214.4,278.9,50.3
58465500,-1.86,15.12,187.1,9.39,226.6,293.9,50.5
58467000,-1.98,16.10,176.0,8.80,212.1,275.6,50.3
58468500,-1.84,15.29,184.3,9.46,227.3,292.6,51.0
58470000,-1.94,15.79,179.4,9.01,217.0,281.5,50.4
58471500,-1.85,15.34,183.7,9.44,226.9,291.9,51.0
58473000,-1.97,16.00,177.1,8.88,213.9,277.7,50.4
58474500,-1.91,15.50,182.7,9.16,220.8,286.6,50.4
58476000,-1.98,15.47,184.3,8.83,214.4,282.8,49.3
58477500,-1.92,15.56,182.0,9.11,219.6,285.3,50.3
58479000,-1.97,15.82,179.6,8.84,213.6,279.1,49.9
58480500,-1.90,15.45,183.4,9.17,221.2,287.3,50.3
58482000,-1.90,15.29,185.5,9.19,222.2,289.4,50.1
58483500,-1.91,15.54,182.2,9.14,220.3,285.9,50.4
58485000,-1.89,15.43,183.5,9.21,222.0,288.0,50.4
58486500,-1.92,15.54,182.4,9.07,219.0,285.0,50.2
58488000,-1.92,14.92,191.3,9.10,221.3,292.5,49.2
58489500,-1.97,15.78,180.0,8.85,213.9,279.6,49.9
58491000,-1.90,15.24,186.2,9.18,222.0,289.8,50.0
58492500,-1.98,15.69,181.5,8.83,213.7,280.4,49.7
58494000,-1.94,15.11,188.9,8.99,218.7,289.0,49.2
58495500,-2.02,15.87,179.6,8.65,209.8,276.2,49.4
58497000,-1.87,15.07,188.2,9.32,225.4,293.6,50.1
58498500,-2.00,15.64,182.4,8.75,212.2,279.8,49.3
58500000,-1.88,14.89,191.0,9.28,225.2,295.3,49.7
58501500,-2.01,15.84,180.0,8.67,210.1,276.7,49.4
58503000,-1.85,15.03,188.4,9.41,227.3,295.2,50.3
58504500,-1.95,15.59,182.3,8.94,216.3,282.9,49.9
58506000,-1.84,15.09,187.3,9.46,228.0,295.1,50.6
58507500,-1.99,15.79,180.2,8.78,212.6,278.7,49.7
58509000,-1.91,15.30,185.6,9.12,220.6,288.3,49.9
58510500,-2.00,15.24,188.0,8.74,213.0,284.0,48.6
58512000,-1.94,15.33,185.6,9.01,218.3,286.5,49.6
58513500,-2.00,15.59,183.2,8.73,212.1,280.2,49.2
58515000,-1.93,15.16,187.9,9.06,219.9,289.2,49.5
58516500,-1.89,15.09,188.3,9.22,223.2,292.1,49.8
58518000,-1.89,15.29,185.2,9.24,223.1,290.0,50.3
58519500,-1.87,15.19,186.3,9.33,225.2,292.2,50.4
58521000,-1.89,15.21,186.4,9.23,223.2,290.8,50.1
58522500,-1.89,14.70,194.1,9.22,224.3,296.6,49.1
58524000,-1.95,15.59,182.4,8.93,216.1,282.8,49.8
58525500,-1.88,14.98,189.6,9.28,224.9,294.2,49.9
58527000,-1.93,15.45,183.9,9.03,218.4,285.6,49.9
58528500,-1.88,14.86,191.6,9.25,224.7,295.3,49.5
58530000,-1.95,15.52,183.2,8.95,216.6,283.7,49.8
58531500,-1.83,14.78,191.6,9.55,230.8,300.0,50.3
58533000,-1.92,15.43,183.9,9.07,219.3,286.3,50.0
58534500,-1.82,14.61,194.3,9.56,231.5,302.2,50.0
58536000,-1.94,15.60,182.0,9.00,217.4,283.5,50.1
58537500,-1.81,14.78,191.1,9.65,232.8,301.2,50.6
58539000,-1.90,15.30,185.4,9.20,222.3,289.5,50.2
58540500,-1.80,14.78,190.9,9.69,233.5,301.6,50.7
58542000,-1.93,15.51,183.0,9.04,218.6,285.1,50.1
58543500,-1.85,14.98,189.2,9.42,227.6,295.9,50.3
58545000,-1.93,15.01,190.3,9.02,219.5,290.5,49.1
58546500,-1.88,15.01,189.1,9.29,225.0,293.9,49.9
58548000,-1.93,15.28,186.3,9.02,218.7,287.3,49.6
58549500,-1.86,14.81,191.8,9.37,227.2,297.3,49.8
58551000,-1.87,14.79,192.4,9.31,226.1,296.9,49.6
58552500,-1.88,15.04,188.7,9.29,224.8,293.5,50.0
58554000,-1.86,14.92,190.1,9.40,227.4,296.4,50.1
58555500,-1.90,15.01,189.7,9.16,222.3,292.2,49.5
58557000,-1.92,14.45,198.4,9.08,222.0,297.8,48.2
58558500,-1.98,15.38,185.7,8.82,214.5,283.7,49.1
58560000,-1.89,14.83,192.2,9.20,223.7,295.0,49.3
58561500,-1.96,15.23,187.5,8.91,216.6,286.5,49.1
58563000,-1.90,14.61,195.6,9.17,223.5,297.0,48.8
58564500,-1.98,15.38,185.6,8.82,214.5,283.6,49.1
58566000,-1.85,14.59,195.0,9.44,229.3,301.0,49.6
58567500,-1.94,15.19,187.8,8.97,218.0,287.7,49.3
58569000,-1.83,14.38,198.0,9.53,231.6,304.7,49.5
58570500,-1.97,15.37,185.7,8.85,215.0,284.1,49.2
58572000,-1.82,14.56,194.9,9.57,232.0,303.0,50.0
58573500,-1.91,15.06,189.1,9.13,221.7,291.3,49.5
58575000,-1.81,14.56,194.7,9.62,233.0,303.6,50.1
58576500,-1.95,15.26,186.8,8.95,217.4,286.7,49.3
58578000,-1.82,14.65,193.6,9.57,231.7,301.9,50.1
58579500,-1.92,14.75,193.9,9.08,221.4,294.3,48.8
58581000,-1.85,14.76,192.4,9.41,228.2,298.5,49.9
58582500,-1.91,15.02,189.7,9.12,221.5,291.6,49.4
58584000,-1.85,14.62,194.5,9.44,229.1,300.5,49.7
58585500,-1.87,14.63,194.8,9.31,226.5,298.7,49.3
58587000,-1.85,14.83,191.3,9.43,228.3,297.8,50.0
58588500,-1.82,14.68,193.0,9.58,231.7,301.6,50.2
58590000,-1.83,14.69,193.1,9.51,230.3,300.6,50.0
58591500,-1.84,14.29,199.6,9.46,230.4,304.8,49.1
58593000,-1.91,15.05,189.2,9.14,221.7,291.5,49.5
58594500,-1.84,14.55,195.4,9.50,230.5,302.2,49.7
58596000,-1.89,14.92,190.8,9.23,223.9,294.2,49.6
58597500,-1.84,14.36,198.4,9.48,230.8,304.4,49.3
58599000,-1.91,15.04,189.4,9.11,221.2,291.2,49.4
58600500,-1.81,14.39,197.5,9.61,233.2,305.6,49.7
58602000,-1.88,14.97,190.0,9.25,224.3,293.9,49.7
58603500,-1.78,14.14,200.9,9.78,237.5,311.1,49.8
58605000,-1.90,15.07,188.9,9.17,222.3,291.7,49.7
58606500,-1.76,14.21,199.4,9.88,239.2,311.4,50.2
58608000,-1.86,14.76,192.6,9.40,227.8,298.3,49.8
58609500,-1.77,14.31,197.7,9.88,238.8,310.0,50.4
58611000,-1.89,14.99,189.7,9.25,224.1,293.6,49.8
58612500,-1.80,14.41,196.9,9.68,234.6,306.3,50.0
58614000,-1.89,14.49,197.3,9.24,225.4,299.5,48.8
58615500,-1.84,14.51,196.1,9.47,230.0,302.2,49.5
58617000,-1.94,14.80,193.5,8.98,219.2,292.4,48.6
58618500,-1.87,14.50,196.7,9.35,227.5,300.8,49.2
58620000,-1.90,14.40,198.9,9.20,224.7,300.1,48.5
58621500,-1.87,14.60,195.3,9.31,226.5,299.1,49.2
58623000,-1.84,14.47,196.7,9.48,230.4,303.0,49.5
58624500,-1.86,14.54,195.9,9.37,228.0,300.6,49.3
58626000,-1.86,14.08,203.5,9.36,229.0,306.3,48.4
58627500,-1.93,14.86,192.4,9.02,219.9,292.2,48.8
58629000,-1.85,14.29,199.7,9.42,229.7,304.4,49.0
58630500,-1.91,14.72,194.2,9.11,222.2,295.1,48.8
58632000,-1.86,14.11,202.8,9.37,229.1,306.0,48.5
58633500,-1.94,14.81,193.2,8.97,218.9,292.0,48.6
58635000,-1.83,14.24,200.3,9.52,231.9,306.4,49.2
58636500,-1.92,14.70,194.6,9.10,221.9,295.1,48.8
58638000,-1.80,13.90,205.4,9.69,236.4,313.1,49.0
58639500,-1.88,14.86,191.4,9.28,225.2,295.6,49.6
58641000,-1.75,13.95,203.4,9.96,241.7,315.9,49.9
58642500,-1.83,14.56,195.3,9.50,230.6,302.2,49.7
58644000,-1.74,14.05,201.5,9.99,242.0,315.0,50.2
58645500,-1.87,14.79,192.3,9.35,226.7,297.3,49.7
58647000,-1.77,14.03,202.6,9.84,239.1,313.3,49.7
58648500,-1.87,14.26,200.6,9.33,227.8,303.5,48.6
58650000,-1.82,14.28,199.3,9.59,233.2,306.7,49.5
58651500,-1.87,14.49,197.0,9.31,226.8,300.4,49.0
58653000,-1.81,14.15,201.3,9.62,234.3,308.9,49.3
58654500,-1.85,14.19,201.3,9.45,230.6,306.1,48.9
58656000,-1.81,14.33,198.4,9.62,233.7,306.6,49.7
58657500,-1.79,14.19,200.3,9.74,236.5,309.9,49.7
58659000,-1.80,14.24,199.6,9.67,235.0,308.3,49.7
58660500,-1.81,13.93,204.8,9.65,235.5,312.1,49.0
58662000,-1.86,14.46,197.2,9.39,228.5,301.9,49.2
58663500,-1.80,14.09,202.1,9.67,235.5,310.3,49.4
58665000,-1.86,14.43,197.7,9.36,228.1,301.8,49.1
58666500,-1.80,13.88,205.7,9.66,235.9,313.0,48.9
58668000,-1.88,14.46,197.6,9.26,225.9,300.2,48.8
58669500,-1.79,13.96,204.2,9.71,236.7,312.6,49.2
58671000,-1.85,14.42,197.8,9.41,229.2,302.7,49.2
58672500,-1.75,13.62,209.2,9.96,242.9,320.6,49.3
58674000,-1.87,14.61,195.1,9.33,226.9,299.3,49.3
58675500,-1.73,13.79,205.8,10.05,244.1,319.3,49.9
58677000,-1.82,14.30,199.1,9.60,233.3,306.7,49.5
58678500,-1.76,13.91,204.2,9.90,240.8,315.7,49.7
58680000,-1.88,14.53,196.5,9.26,225.6,299.2,48.9
58681500,-1.78,13.88,205.1,9.82,239.1,315.1,49.4
58683000,-1.90,14.09,203.7,9.18,225.1,303.6,47.9
58684500,-1.84,14.11,202.6,9.48,231.5,307.6,48.8
58686000,-1.91,14.31,200.4,9.15,223.8,300.4,48.2
58687500,-1.83,14.01,204.0,9.54,233.0,309.6,48.8
58689000,-1.87,14.08,203.5,9.34,228.6,306.0,48.3
58690500,-1.84,14.14,202.0,9.47,231.2,307.1,48.9
58692000,-1.83,14.02,203.8,9.55,233.2,309.7,48.8
58693500,-1.82,13.98,204.4,9.57,233.6,310.4,48.8
58695000,-1.82,13.70,209.1,9.58,234.7,314.3,48.3
58696500,-1.88,14.31,200.0,9.27,226.5,302.2,48.5
58698000,-1.81,13.90,205.5,9.66,235.7,312.7,48.9
58699500,-1.88,14.20,201.8,9.25,226.4,303.2,48.3
58701000,-1.79,13.62,209.8,9.76,238.7,317.8,48.7
58702500,-1.87,14.29,200.1,9.33,227.7,303.2,48.7
58704000,-1.79,13.82,206.4,9.76,238.1,315.1,49.1
58705500,-1.84,14.14,202.0,9.50,231.7,307.4,48.9
58707000,-1.73,13.45,211.9,10.09,246.0,324.6,49.3
58708500,-1.85,14.34,198.9,9.43,229.7,303.9,49.1
58710000,-1.71,13.53,209.9,10.20,247.9,324.9,49.7
58711500,-1.80,14.08,202.3,9.68,235.6,310.5,49.4
58713000,-1.71,13.55,209.5,10.20,247.9,324.6,49.8
58714500,-1.82,14.26,199.8,9.56,232.6,306.6,49.3
58716000,-1.72,13.53,210.2,10.14,246.9,324.2,49.6
58717500,-1.83,13.87,206.3,9.51,232.6,310.9,48.4
58719000,-1.79,13.79,206.9,9.76,238.1,315.4,49.0
58720500,-1.84,14.05,203.5,9.45,231.0,307.8,48.6
58722000,-1.78,13.79,206.8,9.79,238.8,315.9,49.1
58723500,-1.82,13.77,207.9,9.56,234.1,313.0,48.4
58725000,-1.79,13.77,207.3,9.76,238.3,315.8,49.0
58726500,-1.78,13.81,206.4,9.79,238.8,315.6,49.2
58728000,-1.77,13.73,207.7,9.85,240.1,317.5,49.1
58729500,-1.76,13.53,211.0,9.89,241.6,320.8,48.9
58731000,-1.81,13.97,204.3,9.62,234.6,311.1,48.9
58732500,-1.76,13.68,208.3,9.91,241.6,319.0,49.2
58734000,-1.82,13.96,204.7,9.56,233.5,310.5,48.8
58735500,-1.76,13.36,214.0,9.91,242.6,323.5,48.6
58737000,-1.84,14.04,203.7,9.46,231.1,308.0,48.6
58738500,-1.76,13.56,210.4,9.91,241.9,320.5,49.0
58740000,-1.86,14.00,204.6,9.39,229.7,307.6,48.3
58741500,-1.75,13.18,217.1,9.98,244.5,327.0,48.4
58743000,-1.87,14.17,202.0,9.33,228.0,304.6,48.5
58744500,-1.73,13.34,213.7,10.10,246.7,326.4,49.1
58746000,-1.82,13.89,205.9,9.57,233.9,311.6,48.6
58747500,-1.73,13.39,212.8,10.08,245.9,325.2,49.1
58749000,-1.84,14.08,203.1,9.45,230.9,307.5,48.7
58750500,-1.73,13.41,212.4,10.10,246.4,325.3,49.2
58752000,-1.85,13.76,208.4,9.43,231.1,311.2,48.0
58753500,-1.80,13.58,210.7,9.70,237.4,317.4,48.4
58755000,-1.87,13.86,207.0,9.32,228.4,308.3,47.8
58756500,-1.79,13.57,210.8,9.75,238.5,318.3,48.5
58758000,-1.85,13.60,211.2,9.44,231.8,313.6,47.7
58759500,-1.80,13.58,210.7,9.69,237.3,317.3,48.4
58761000,-1.81,13.68,209.2,9.61,235.3,314.9,48.4
58762500,-1.74,13.49,211.4,10.01,244.3,323.0,49.1
58764000,-1.74,13.27,215.4,10.01,244.9,326.2,48.7
58765500,-1.78,13.70,208.4,9.79,239.0,317.1,48.9
58767000,-1.74,13.48,211.4,10.04,245.0,323.6,49.2
58768500,-1.80,13.75,207.9,9.68,236.5,314.9,48.7
58770000,-1.75,13.13,218.1,9.98,244.7,327.8,48.3
58771500,-1.83,13.84,206.8,9.54,233.4,311.8,48.5
58773000,-1.75,13.33,214.3,9.99,244.2,324.9,48.7
58774500,-1.80,13.66,209.5,9.68,236.8,316.2,48.5
58776000,-1.70,12.95,220.7,10.23,250.6,334.0,48.6
58777500,-1.82,13.90,205.5,9.60,234.5,311.8,48.8
58779000,-1.68,13.04,218.3,10.39,253.5,334.5,49.3
58780500,-1.77,13.60,209.8,9.85,240.7,319.3,48.9
58782000,-1.68,12.99,219.3,10.39,253.8,335.4,49.2
58783500,-1.79,13.80,206.8,9.73,237.6,315.0,49.0
58785000,-1.68,13.13,216.7,10.39,253.3,333.4,49.5
58786500,-1.79,13.51,211.9,9.77,239.1,319.4,48.5
58788000,-1.74,13.24,215.8,10.02,245.3,326.7,48.7
58789500,-1.81,13.62,210.2,9.65,236.3,316.3,48.3
58791000,-1.74,13.30,214.7,10.03,245.3,326.0,48.8
58792500,-1.80,13.31,215.6,9.69,238.0,321.1,47.8
58794000,-1.76,13.30,215.1,9.93,243.1,324.6,48.5
58795500,-1.78,13.48,212.2,9.81,240.2,320.5,48.5
58797000,-1.73,13.24,215.8,10.08,246.4,327.5,48.8
58798500,-1.72,13.05,219.0,10.13,248.1,330.9,48.6
58800000,-1.75,13.39,213.3,9.96,243.6,323.7,48.8
58801500,-1.76,13.28,215.6,9.90,242.6,324.5,48.4
58803000,-1.83,13.54,212.0,9.52,233.6,315.5,47.8
58804500,-1.78,12.93,222.2,9.82,241.5,328.2,47.4
58806000,-1.85,13.66,210.3,9.41,231.0,312.4,47.7
58807500,-1.76,13.14,218.0,9.90,242.9,326.4,48.1
58809000,-1.82,13.51,212.4,9.59,235.2,316.9,47.9
58810500,-1.71,12.77,224.4,10.19,250.1,336.0,48.1
58812000,-1.84,13.72,209.1,9.47,232.1,312.4,48.0
58813500,-1.68,12.85,222.1,10.35,253.4,337.0,48.8
58815000,-1.80,13.45,212.9,9.71,237.9,319.3,48.2
58816500,-1.70,12.85,222.5,10.28,251.8,336.1,48.5
58818000,-1.81,13.64,209.9,9.63,235.8,315.7,48.3
58819500,-1.68,12.87,221.9,10.34,253.2,336.6,48.8
58821000,-1.80,13.40,214.0,9.67,237.2,319.5,47.9
58822500,-1.75,13.07,219.2,9.99,244.9,328.7,48.2
58824000,-1.78,13.44,213.0,9.78,239.5,320.5,48.4
58825500,-1.72,13.02,219.6,10.15,248.7,331.7,48.6
58827000,-1.78,13.11,218.8,9.82,241.2,325.7,47.8
58828500,-1.73,13.02,219.9,10.05,246.4,330.2,48.2
58830000,-1.77,13.29,215.5,9.86,241.7,323.8,48.3
58831500,-1.71,13.04,219.1,10.17,249.0,331.6,48.7
58833000,-1.70,12.80,223.7,10.23,250.9,336.1,48.3
58834500,-1.73,13.18,216.9,10.05,246.0,328.0,48.6
58836000,-1.70,13.06,218.4,10.24,250.5,332.4,48.9
58837500,-1.77,13.20,217.2,9.82,241.1,324.5,48.0
58839000,-1.72,12.67,226.4,10.15,249.5,336.9,47.8
58840500,-1.79,13.36,214.4,9.76,239.2,321.3,48.1
58842000,-1.71,12.89,221.9,10.21,250.3,334.5,48.4
58843500,-1.76,13.10,218.8,9.89,242.7,326.7,48.0
58845000,-1.66,12.54,228.0,10.49,257.3,343.8,48.5
58846500,-1.78,13.45,212.8,9.79,239.7,320.5,48.4
58848000,-1.65,12.66,225.4,10.55,258.1,342.7,48.9
58849500,-1.74,13.10,218.6,10.00,245.1,328.4,48.3
58851000,-1.64,12.63,225.8,10.63,260.0,344.4,49.0
58852500,-1.75,13.30,214.9,9.96,243.8,325.0,48.6
58854000,-1.64,12.61,226.2,10.59,259.2,344.1,48.9
58855500,-1.74,13.03,219.6,10.04,246.2,329.9,48.3
58857000,-1.69,12.78,223.6,10.33,253.1,337.7,48.5
58858500,-1.76,13.26,215.9,9.91,242.8,324.9,48.4
58860000,-1.70,12.78,223.9,10.26,251.6,336.8,48.3
58861500,-1.76,12.87,223.2,9.91,243.7,330.5,47.5
58863000,-1.75,12.88,222.7,9.96,244.8,331.0,47.7
58864500,-1.80,13.14,218.7,9.67,237.8,323.1,47.4
58866000,-1.73,12.89,222.4,10.07,247.2,332.5,48.0
58867500,-1.72,12.65,226.7,10.16,249.7,337.3,47.8
58869000,-1.75,12.99,220.6,9.97,244.9,329.6,48.0
58870500,-1.72,12.83,223.3,10.15,249.1,334.5,48.1
58872000,-1.79,13.12,218.8,9.74,239.3,324.3,47.6
58873500,-1.73,12.46,230.8,10.05,247.7,338.6,47.0
58875000,-1.82,13.24,217.0,9.60,236.1,320.7,47.4
58876500,-1.73,12.74,225.2,10.10,248.2,335.1,47.8
58878000,-1.80,13.02,220.8,9.67,238.0,324.6,47.1
58879500,-1.70,12.39,231.7,10.24,252.2,342.5,47.4
58881000,-1.81,13.28,216.1,9.65,237.0,320.8,47.6
58882500,-1.66,12.43,230.1,10.52,258.3,345.9,48.3
58884000,-1.77,13.00,220.8,9.85,242.2,327.7,47.6
58885500,-1.64,12.28,233.0,10.63,261.1,350.0,48.3
58887000,-1.74,13.15,217.6,10.00,245.1,327.7,48.4
58888500,-1.62,12.38,230.7,10.72,262.7,349.6,48.7
58890000,-1.73,12.93,221.5,10.07,247.2,331.9,48.1
58891500,-1.66,12.46,229.7,10.49,257.4,345.0,48.3
58893000,-1.74,13.02,219.9,10.01,245.6,329.6,48.2
58894500,-1.69,12.58,227.6,10.31,253.3,340.5,48.1
58896000,-1.75,12.62,227.7,9.96,245.4,334.7,47.1
58897500,-1.70,12.57,228.1,10.24,251.8,339.7,47.8
58899000,-1.74,12.90,222.2,10.02,246.1,331.6,47.9
58900500,-1.68,12.58,227.5,10.35,254.1,341.1,48.2
58902000,-1.66,12.36,231.7,10.47,257.3,346.2,48.0
58903500,-1.69,12.70,225.3,10.29,252.6,338.5,48.3
58905000,-1.66,12.67,225.4,10.47,256.4,341.4,48.7
58906500,-1.73,12.74,225.2,10.08,247.7,334.8,47.7
58908000,-1.69,12.09,237.7,10.30,254.0,347.9,46.9
58909500,-1.77,12.89,222.8,9.87,242.8,329.5,47.5
58911000,-1.68,12.40,231.2,10.39,255.5,344.6,47.9
58912500,-1.74,12.68,226.5,10.03,246.9,335.0,47.5
58914000,-1.66,12.21,234.9,10.49,258.1,349.0,47.7
58915500,-1.75,12.98,220.8,9.99,245.1,329.9,48.0
58917000,-1.62,12.18,234.8,10.78,264.5,353.7,48.4
58918500,-1.72,12.79,223.9,10.14,249.1,334.9,48.0
58920000,-1.62,12.08,236.9,10.77,264.7,355.2,48.2
58921500,-1.74,12.94,221.6,10.01,245.8,330.9,48.0
58923000,-1.61,12.18,234.5,10.83,265.6,354.3,48.5
58924500,-1.75,12.85,223.3,9.98,245.4,331.8,47.7
58926000,-1.67,12.33,232.5,10.45,257.0,346.5,47.9
58927500,-1.76,12.94,221.7,9.90,243.3,329.2,47.7
58929000,-1.71,12.40,231.6,10.19,251.1,341.6,47.3
58930500,-1.77,12.42,231.8,9.85,243.2,336.0,46.4
58932000,-1.72,12.41,231.6,10.13,249.7,340.6,47.1
58933500,-1.78,12.72,226.1,9.81,241.8,331.0,46.9
58935000,-1.70,12.41,231.3,10.25,252.4,342.3,47.5
58936500,-1.69,12.26,234.3,10.28,253.4,345.1,47.2
58938000,-1.70,12.53,228.9,10.22,251.5,340.1,47.7
58939500,-1.68,12.44,230.5,10.35,254.5,343.3,47.8
58941000,-1.75,12.65,227.3,9.94,244.9,334.1,47.1
58942500,-1.71,11.93,241.4,10.21,252.2,349.1,46.3
58944000,-1.78,12.74,225.9,9.77,240.8,330.2,46.8
58945500,-1.70,12.27,234.1,10.25,252.5,344.4,47.2
58947000,-1.73,12.51,229.7,10.09,248.5,338.4,47.3
58948500,-1.66,12.00,239.3,10.52,259.3,352.9,47.3
58950000,-1.73,12.78,224.3,10.10,248.2,334.6,47.9
58951500,-1.59,11.97,238.9,10.93,268.5,359.4,48.3
58953000,-1.71,12.63,226.9,10.22,251.1,338.4,47.9
58954500,-1.61,11.85,241.7,10.84,266.9,360.1,47.8
58956000,-1.72,12.71,225.5,10.13,249.0,336.0,47.8
58957500,-1.60,11.98,238.6,10.91,268.0,358.8,48.3
58959000,-1.70,12.53,228.8,10.27,252.5,340.7,47.8
58960500,-1.61,12.05,237.4,10.82,265.9,356.4,48.2
58962000,-1.71,12.63,226.9,10.22,251.1,338.5,47.9
58963500,-1.66,12.08,237.6,10.48,258.1,350.8,47.4
58965000,-1.72,12.18,236.1,10.16,250.6,344.3,46.7
58966500,-1.66,12.12,236.9,10.47,257.9,350.2,47.4
58968000,-1.72,12.45,230.8,10.15,250.1,340.3,47.3
58969500,-1.66,12.12,236.7,10.53,259.2,351.0,47.6
58971000,-1.64,12.03,238.5,10.60,261.1,353.7,47.6
58972500,-1.66,12.30,232.9,10.52,258.5,348.0,48.0
58974000,-1.64,12.15,235.8,10.64,261.6,352.1,48.0
58975500,-1.69,12.27,234.1,10.30,253.7,345.2,47.3
58977000,-1.66,11.69,246.1,10.48,259.0,357.3,46.5
58978500,-1.72,12.48,230.3,10.11,249.0,339.2,47.2
58980000,-1.65,11.99,239.4,10.59,261.0,354.1,47.5
58981500,-1.71,12.26,234.5,10.22,252.0,344.2,47.1
58983000,-1.65,11.81,243.4,10.57,260.9,356.8,47.0
58984500,-1.72,12.51,229.6,10.14,249.7,339.2,47.4
58986000,-1.61,11.87,241.4,10.80,265.9,359.2,47.8
58987500,-1.73,12.41,231.7,10.06,248.1,339.5,47.0
58989000,-1.62,11.65,246.5,10.76,265.6,362.4,47.1
58990500,-1.75,12.54,229.4,9.98,245.9,336.2,47.0
58992000,-1.60,11.79,243.2,10.86,267.5,361.5,47.7
58993500,-1.72,12.42,231.4,10.15,250.1,340.7,47.2
58995000,-1.61,11.84,242.0,10.80,266.1,359.7,47.7
58996500,-1.73,12.53,229.2,10.07,248.1,337.8,47.3
58998000,-1.67,11.96,240.4,10.43,257.4,352.2,47.0
58999500,-1.74,12.01,239.9,9.99,247.0,344.3,45.8
59001000,-1.69,12.04,238.7,10.34,255.1,349.4,46.9
59002500,-1.73,12.31,233.7,10.07,248.5,341.1,46.8
59004000,-1.68,11.97,240.2,10.39,256.5,351.4,46.9
59005500,-1.67,11.86,242.5,10.45,257.9,354.0,46.8
59007000,-1.68,12.12,237.1,10.37,255.6,348.7,47.1
59008500,-1.62,11.93,240.3,10.74,264.5,357.3,47.7
59010000,-1.66,12.06,238.2,10.47,258.1,351.2,47.3
59011500,-1.65,11.44,251.7,10.59,261.9,363.2,46.1
59013000,-1.71,12.21,235.4,10.21,251.8,344.7,46.9
59014500,-1.64,11.77,243.9,10.65,262.9,358.6,47.1
59016000,-1.70,12.06,238.4,10.28,253.6,348.1,46.8
59017500,-1.64,11.56,248.9,10.62,262.4,361.6,46.5
59019000,-1.69,12.31,233.3,10.28,253.3,344.3,47.4
59020500,-1.57,11.55,248.1,11.08,273.1,368.9,47.7
59022000,-1.68,12.16,236.1,10.39,256.1,348.3,47.3
59023500,-1.58,11.40,251.8,11.03,272.2,370.9,47.2
59025000,-1.70,12.29,233.8,10.27,252.9,344.4,47.3
59026500,-1.56,11.53,248.5,11.13,274.2,370.1,47.8
59028000,-1.66,12.07,238.0,10.48,258.4,351.2,47.4
59029500,-1.56,11.54,248.2,11.15,274.5,370.1,47.9
59031000,-1.68,12.15,236.3,10.38,255.9,348.3,47.3
59032500,-1.63,11.67,246.2,10.68,263.8,360.8,47.0
59034000,-1.69,11.73,245.6,10.33,255.4,354.3,46.1
59035500,-1.64,11.72,245.2,10.62,262.2,359.0,46.9
59037000,-1.68,12.04,238.8,10.38,255.9,350.0,47.0
59038500,-1.62,11.63,246.9,10.73,264.9,362.1,47.0
59040000,-1.63,11.67,246.3,10.67,263.5,360.7,46.9
59041500,-1.63,11.80,243.2,10.71,264.0,359.0,47.3
59043000,-1.60,11.76,243.8,10.86,267.5,361.9,47.7
59044500,-1.64,11.80,243.5,10.60,261.5,357.3,47.1
59046000,-1.63,11.23,256.6,10.66,264.0,368.1,45.8
59047500,-1.74,12.12,237.6,10.04,247.9,343.4,46.2
59049000,-1.65,11.63,247.3,10.56,261.0,359.6,46.5
59050500,-1.72,11.89,242.3,10.14,250.7,348.6,46.0
59052000,-1.65,11.48,250.8,10.58,261.7,362.5,46.2
59053500,-1.72,12.17,236.5,10.12,249.8,344.0,46.6
59055000,-1.59,11.43,251.3,10.95,270.3,369.1,47.1
59056500,-1.71,12.01,239.7,10.22,252.4,348.1,46.5
59058000,-1.59,11.26,255.4,10.95,270.7,372.2,46.7
59059500,-1.72,12.20,235.7,10.15,250.5,344.0,46.7
59061000,-1.58,11.37,252.4,11.06,273.0,371.8,47.2
59062500,-1.68,11.91,241.5,10.37,256.1,352.0,46.7
59064000,-1.57,11.42,251.3,11.11,273.9,371.7,47.5
59065500,-1.71,12.08,238.3,10.20,251.9,346.8,46.6
59067000,-1.64,11.57,248.6,10.64,262.8,361.7,46.6
59068500,-1.71,11.58,249.0,10.18,251.9,354.2,45.3
59070000,-1.63,11.52,249.7,10.69,264.2,363.5,46.6
59071500,-1.67,11.82,243.4,10.44,257.7,354.5,46.6
59073000,-1.61,11.39,252.4,10.80,267.0,367.4,46.6
59074500,-1.63,11.39,252.7,10.71,264.7,366.0,46.3
59076000,-1.62,11.59,247.9,10.78,266.2,363.7,47.0
59077500,-1.59,11.54,248.6,10.95,270.0,367.0,47.4
59079000,-1.62,11.58,248.1,10.77,265.9,363.6,47.0
59080500,-1.61,11.04,260.8,10.81,267.7,373.8,45.7
59082000,-1.68,11.83,243.3,10.40,257.0,353.8,46.6
59083500,-1.60,11.34,253.6,10.88,268.9,369.6,46.7
59085000,-1.66,11.68,246.5,10.49,259.2,357.7,46.4
59086500,-1.61,11.24,256.1,10.82,267.6,370.4,46.3
59088000,-1.67,11.90,241.7,10.41,256.9,352.7,46.8
59089500,-1.55,11.22,255.8,11.25,277.7,377.6,47.4
59091000,-1.66,11.79,243.9,10.53,259.9,356.4,46.8
59092500,-1.55,11.00,261.2,11.27,278.6,381.9,46.8
59094000,-1.66,11.88,241.9,10.50,259.0,354.4,47.0
59095500,-1.54,11.14,257.5,11.33,279.7,380.2,47.4
59097000,-1.63,11.66,246.5,10.68,263.8,361.0,46.9
59098500,-1.54,11.10,258.6,11.30,279.1,380.5,47.2
59100000,-1.65,11.76,244.4,10.59,261.3,357.8,46.9
59101500,-1.59,11.25,255.7,10.92,270.1,372.0,46.6
59103000,-1.66,11.29,255.2,10.50,259.9,364.3,45.5
59104500,-1.60,11.24,255.8,10.87,268.7,371.0,46.4
59106000,-1.66,11.60,248.1,10.49,259.3,358.9,46.3
59107500,-1.60,11.22,256.5,10.88,269.2,371.8,46.4
59109000,-1.66,11.32,254.5,10.53,260.6,364.2,45.7
59110500,-1.63,11.49,250.3,10.69,264.1,363.8,46.5
59112000,-1.60,11.40,252.0,10.86,268.2,368.1,46.8
59113500,-1.62,11.42,251.9,10.72,265.1,365.7,46.5
59115000,-1.63,10.94,263.4,10.72,265.5,374.0,45.2
59116500,-1.70,11.73,245.7,10.24,253.3,352.9,45.9
59118000,-1.62,11.14,258.5,10.77,266.7,371.4,45.9
59119500,-1.69,11.59,248.7,10.32,255.3,356.4,45.8
59121000,-1.62,11.09,259.6,10.73,265.6,371.4,45.7
59122500,-1.70,11.72,245.9,10.23,253.1,352.8,45.8
59124000,-1.57,11.07,259.8,11.12,274.9,378.2,46.6
59125500,-1.68,11.69,246.4,10.38,256.7,355.8,46.2
59127000,-1.56,10.87,264.8,11.14,275.8,382.3,46.2
59128500,-1.70,11.74,245.3,10.26,253.7,352.9,46.0
59130000,-1.55,10.93,262.9,11.25,278.3,382.9,46.6
59131500,-1.64,11.52,249.8,10.64,262.9,362.7,46.5
59133000,-1.52,10.88,263.8,11.43,282.6,386.6,47.0
59134500,-1.64,11.61,247.8,10.65,263.0,361.4,46.7
59136000,-1.57,11.00,261.6,11.07,274.0,378.8,46.3
59137500,-1.65,11.14,258.7,10.58,262.1,368.3,45.4
59139000,-1.59,11.06,260.2,10.95,271.0,375.7,46.2
59140500,-1.64,11.42,252.0,10.63,262.9,364.2,46.2
59142000,-1.58,11.05,260.4,11.00,272.2,376.7,46.3
59143500,-1.61,11.11,259.1,10.81,267.7,372.5,45.9
59145000,-1.59,11.19,256.9,10.97,271.2,373.6,46.6
59146500,-1.56,11.09,259.2,11.16,276.0,378.6,46.8
59148000,-1.58,11.10,259.2,11.02,272.7,376.2,46.4
59149500,-1.58,10.70,269.1,11.05,273.7,383.9,45.5
59151000,-1.63,11.40,252.5,10.66,263.6,365.0,46.2
59152500,-1.57,10.92,263.4,11.08,274.4,380.3,46.2
59154000,-1.64,11.27,255.6,10.62,262.9,366.7,45.8
59155500,-1.58,10.75,267.8,11.05,273.7,382.9,45.6
59157000,-1.64,11.45,251.3,10.61,262.4,363.3,46.2
59158500,-1.54,10.78,266.7,11.32,280.2,386.8,46.4
59160000,-1.62,11.36,253.4,10.75,265.9,367.3,46.4
59161500,-1.51,10.59,271.6,11.50,284.6,393.4,46.3
59163000,-1.65,11.47,251.0,10.59,261.8,362.7,46.2
59164500,-1.51,10.71,268.2,11.55,285.6,391.8,46.8
59166000,-1.60,11.24,255.9,10.87,268.7,371.1,46.4
59167500,-1.51,10.70,268.4,11.57,286.2,392.3,46.8
59169000,-1.62,11.41,252.0,10.76,266.0,366.4,46.6
59170500,-1.57,10.82,265.9,11.13,275.5,382.9,46.0
59172000,-1.66,10.93,263.6,10.48,259.7,370.0,44.6
59173500,-1.61,10.93,263.6,10.85,268.8,376.5,45.6
59175000,-1.67,11.29,255.4,10.46,258.9,363.6,45.4
59176500,-1.60,10.89,264.6,10.89,269.8,377.8,45.6
59178000,-1.63,11.01,261.7,10.66,264.0,371.7,45.2
59179500,-1.59,11.07,260.0,10.93,270.5,375.2,46.1
59181000,-1.58,10.95,262.7,11.05,273.4,379.2,46.1
59182500,-1.60,11.01,261.4,10.89,269.6,375.5,45.9
59184000,-1.59,10.61,271.6,10.97,272.0,384.4,45.0
59185500,-1.67,11.28,255.5,10.44,258.5,363.4,45.3
59187000,-1.59,10.82,266.1,10.99,272.2,380.7,45.6
59188500,-1.66,11.17,257.9,10.52,260.5,366.6,45.3
59190000,-1.59,10.66,270.2,10.94,271.2,382.9,45.1
59191500,-1.68,11.32,254.7,10.38,257.0,361.8,45.3
59193000,-1.56,10.70,268.9,11.18,276.9,386.0,45.8
59194500,-1.61,11.14,258.4,10.83,267.9,372.2,46.0
59196000,-1.51,10.38,277.3,11.55,286.2,398.5,45.9
59197500,-1.63,11.25,255.9,10.66,263.9,367.6,45.9
59199000,-1.49,10.53,272.9,11.66,288.6,397.2,46.6
59200500,-1.59,11.05,260.6,10.93,270.6,375.7,46.1
59202000,-1.49,10.47,274.5,11.65,288.6,398.3,46.4
59203500,-1.61,11.16,258.0,10.81,267.4,371.6,46.0
59205000,-1.53,10.52,273.4,11.41,282.7,393.3,46.0
59206500,-1.62,10.70,269.2,10.77,266.9,379.1,44.8
59208000,-1.57,10.64,270.6,11.09,274.8,385.7,45.4
59209500,-1.62,11.00,262.0,10.76,266.4,373.6,45.5
59211000,-1.55,10.58,272.0,11.21,277.9,388.9,45.6
59212500,-1.59,10.69,269.6,10.96,271.6,382.7,45.2
59214000,-1.56,10.83,265.6,11.18,276.8,383.6,46.2
59215500,-1.54,10.74,267.8,11.33,280.6,387.9,46.3
59217000,-1.54,10.67,269.7,11.28,279.4,388.3,46.0
59218500,-1.55,10.43,276.0,11.22,278.1,391.8,45.2
59220000,-1.61,10.95,263.1,10.79,267.4,375.1,45.5
59221500,-1.54,10.60,271.4,11.30,280.0,389.9,45.9
59223000,-1.60,10.82,266.2,10.86,269.0,378.5,45.3
59224500,-1.56,10.36,278.1,11.20,277.7,393.0,45.0
59226000,-1.63,10.93,263.7,10.71,265.3,374.1,45.2
59227500,-1.50,10.41,276.2,11.58,286.9,398.2,46.1
59229000,-1.60,10.84,265.8,10.91,270.3,379.1,45.5
59230500,-1.50,10.20,282.1,11.61,288.0,403.1,45.6
59232000,-1.64,11.16,258.2,10.65,263.7,369.1,45.6
59233500,-1.50,10.36,277.7,11.59,287.3,399.6,46.0
59235000,-1.60,10.84,265.8,10.86,269.0,378.2,45.3
59236500,-1.51,10.34,278.4,11.56,286.5,399.5,45.8
59238000,-1.63,11.11,259.2,10.70,265.0,370.6,45.6
59239500,-1.53,10.46,275.2,11.39,282.3,394.3,45.7
59241000,-1.62,10.53,273.5,10.74,266.2,381.7,44.2
59242500,-1.58,10.55,273.1,11.00,272.7,386.0,45.0
59244000,-1.64,10.82,266.5,10.62,263.1,374.4,44.6
59245500,-1.57,10.50,274.2,11.06,274.2,387.8,45.0
59247000,-1.62,10.54,273.4,10.78,267.2,382.3,44.3
59248500,-1.57,10.65,270.3,11.11,275.3,385.8,45.5
59250000,-1.56,10.63,271.0,11.15,276.2,387.0,45.5
59251500,-1.56,10.61,271.3,11.16,276.6,387.4,45.5
59253000,-1.56,10.31,279.4,11.17,277.0,393.4,44.7
59254500,-1.60,10.77,267.4,10.87,269.4,379.6,45.2
59256000,-1.53,10.42,276.2,11.40,282.5,395.1,45.6
59257500,-1.59,10.64,270.8,10.94,271.2,383.2,45.0
59259000,-1.53,10.19,282.6,11.37,282.0,399.3,44.9
59260500,-1.61,10.76,267.9,10.82,268.2,379.1,45.0
59262000,-1.53,10.29,279.8,11.41,283.1,398.0,45.3
59263500,-1.58,10.70,269.2,11.00,272.5,383.1,45.4
59265000,-1.47,9.98,288.5,11.81,293.1,411.2,45.5
59266500,-1.60,10.89,264.5,10.90,270.0,378.0,45.6
59268000,-1.47,10.08,285.4,11.88,294.6,410.1,45.9
59269500,-1.57,10.63,270.8,11.13,275.8,386.5,45.5
59271000,-1.47,10.05,286.1,11.88,294.6,410.7,45.8
59272500,-1.58,10.81,266.5,11.02,273.0,381.5,45.7
59274000,-1.48,10.11,284.7,11.76,291.6,407.5,45.7
59275500,-1.59,10.39,277.3,10.98,272.2,388.6,44.5
59277000,-1.54,10.24,281.4,11.32,280.7,397.5,44.9
59278500,-1.59,10.54,273.4,10.95,271.4,385.2,44.8
59280000,-1.53,10.23,281.6,11.41,283.0,399.2,45.1
59281500,-1.58,10.39,277.4,11.04,273.7,389.7,44.6
59283000,-1.53,10.37,277.7,11.36,281.6,395.4,45.4
59284500,-1.51,10.38,277.1,11.50,285.0,397.5,45.8
59286000,-1.52,10.31,279.3,11.46,284.3,398.5,45.5
59287500,-1.52,10.13,284.3,11.49,285.0,402.5,45.1
59289000,-1.57,10.55,272.9,11.08,274.8,387.3,45.2
59290500,-1.51,10.26,280.5,11.54,286.1,400.7,45.6
59292000,-1.58,10.47,275.3,11.04,273.6,388.1,44.8
59293500,-1.54,9.97,288.8,11.34,281.3,403.2,44.2
59295000,-1.64,10.64,270.8,10.65,264.0,378.2,44.3
59296500,-1.55,10.21,282.1,11.25,279.0,396.8,44.7
59298000,-1.61,10.64,270.8,10.80,267.7,380.8,44.7
59299500,-1.49,9.82,293.2,11.65,289.1,411.8,44.6
59301000,-1.62,10.79,266.9,10.76,266.7,377.3,45.0
59302500,-1.47,10.00,287.8,11.81,292.9,410.6,45.5
59304000,-1.59,10.57,272.7,10.98,272.2,385.3,45.0
59305500,-1.49,9.89,291.0,11.71,290.6,411.3,45.0
59307000,-1.61,10.67,270.0,10.85,269.0,381.1,44.9
59308500,-1.48,9.98,288.5,11.79,292.6,410.9,45.4
59310000,-1.61,10.30,279.6,10.84,268.6,387.7,43.9
59311500,-1.55,10.16,283.4,11.22,278.2,397.2,44.5
59313000,-1.60,10.52,273.9,10.86,269.3,384.1,44.5
59314500,-1.54,10.13,284.2,11.31,280.4,399.2,44.6
59316000,-1.58,10.22,281.8,10.99,272.4,392.0,44.0
59317500,-1.52,10.15,283.6,11.47,284.5,401.7,45.1
59319000,-1.54,10.33,278.7,11.32,280.8,395.6,45.2
59320500,-1.51,10.12,284.6,11.51,285.5,403.1,45.1
59322000,-1.49,9.94,289.6,11.66,289.3,409.4,45.0
59323500,-1.55,10.26,280.6,11.24,278.9,395.6,44.8
59325000,-1.50,10.14,283.9,11.64,288.7,404.9,45.5
59326500,-1.57,10.28,280.1,11.07,274.5,392.2,44.4
59328000,-1.52,9.79,294.1,11.49,285.0,409.5,44.1
59329500,-1.58,10.37,277.7,11.00,272.8,389.3,44.5
59331000,-1.50,9.92,290.3,11.61,288.2,409.1,44.8
59332500,-1.56,10.37,277.6,11.16,276.7,392.0,44.9
59334000,-1.46,9.62,299.1,11.91,295.6,420.5,44.7
59335500,-1.58,10.50,274.3,11.03,273.5,387.4,44.9
59337000,-1.44,9.73,295.8,12.08,299.9,421.2,45.4
59338500,-1.54,10.27,280.4,11.30,280.1,396.4,45.0
59340000,-1.44,9.61,299.5,12.07,299.6,423.7,45.0
59341500,-1.56,10.44,275.7,11.19,277.4,391.1,45.2
59343000,-1.44,9.70,296.5,12.06,299.3,421.3,45.3
59344500,-1.55,10.14,283.9,11.21,278.0,397.3,44.4
59346000,-1.51,9.85,292.1,11.54,286.4,409.1,44.4
59347500,-1.57,10.25,281.0,11.12,275.7,393.7,44.5
59349000,-1.51,9.84,292.6,11.54,286.4,409.5,44.4
59350500,-1.56,10.02,287.4,11.17,277.0,399.2,43.9
59352000,-1.51,9.93,289.8,11.56,286.7,407.7,44.7
59353500,-1.53,10.16,283.5,11.37,282.1,399.9,44.9
59355000,-1.52,10.03,287.0,11.47,284.6,404.2,44.8
59356500,-1.52,9.81,293.3,11.49,285.0,409.0,44.2
59358000,-1.55,10.17,283.1,11.22,278.2,396.9,44.5
59359500,-1.51,10.06,286.3,11.53,286.0,404.6,45.0
59361000,-1.59,10.14,284.0,10.97,271.8,393.1,43.7
59362500,-1.53,9.60,299.4,11.40,282.6,411.7,43.3
59364000,-1.60,10.25,280.9,10.86,269.1,389.0,43.8
59365500,-1.51,9.80,293.9,11.53,285.9,410.0,44.2
59367000,-1.59,10.24,281.3,10.99,272.4,391.6,44.1
59368500,-1.47,9.46,304.1,11.85,294.0,423.0,44.0
59370000,-1.60,10.42,276.6,10.92,270.7,387.0,44.4
59371500,-1.45,9.64,298.6,11.99,297.5,421.5,44.9
59373000,-1.57,10.13,284.3,11.13,275.9,396.1,44.1
59374500,-1.45,9.55,301.4,12.00,298.0,423.8,44.7
59376000,-1.57,10.33,278.8,11.07,274.6,391.3,44.6
59377500,-1.45,9.51,302.7,12.03,298.7,425.3,44.6
59379000,-1.53,9.99,288.2,11.36,281.7,403.0,44.3
59380500,-1.49,9.63,298.9,11.70,290.3,416.6,44.2
59382000,-1.54,10.08,285.6,11.29,280.0,399.9,44.4
59383500,-1.50,9.63,298.9,11.65,289.0,415.8,44.0
59385000,-1.54,9.78,294.2,11.29,279.8,406.0,43.6
59386500,-1.50,9.64,298.5,11.62,288.3,415.0,44.0
59388000,-1.53,9.94,289.6,11.41,283.0,404.9,44.3
59389500,-1.49,9.74,295.7,11.73,291.0,414.9,44.5
59391000,-1.48,9.59,300.0,11.77,292.1,418.7,44.2
59392500,-1.50,9.88,291.3,11.62,288.3,409.9,44.7
59394000,-1.46,9.75,295.1,11.91,295.7,417.7,45.1
59395500,-1.55,9.89,291.1,11.26,279.2,403.4,43.8
59397000,-1.48,9.32,308.5,11.77,292.0,424.7,43.4
59398500,-1.56,9.99,288.2,11.18,277.3,400.0,43.9
59400000,-1.48,9.53,301.9,11.80,292.8,420.6,44.1
59401500,-1.54,9.94,289.6,11.33,281.1,403.6,44.2
59403000,-1.45,9.30,309.4,12.03,298.6,430.0,44.0
59404500,-1.54,10.13,284.4,11.28,279.7,398.9,44.5
59406000,-1.42,9.38,306.7,12.27,304.7,432.4,44.8
59407500,-1.53,9.93,290.0,11.39,282.6,404.9,44.3
59409000,-1.42,9.29,309.8,12.26,304.4,434.3,44.5
59410500,-1.54,10.03,287.2,11.31,280.5,401.5,44.3
59412000,-1.42,9.33,308.5,12.27,304.7,433.6,44.6
59413500,-1.52,9.85,292.2,11.44,283.9,407.4,44.2
59415000,-1.47,9.47,303.9,11.83,293.6,422.6,44.0
59416500,-1.55,10.02,287.3,11.24,278.6,400.3,44.1
59418000,-1.51,9.56,300.9,11.55,286.4,415.4,43.6
59419500,-1.57,9.67,297.2,11.09,274.5,404.5,42.7
59421000,-1.52,9.60,299.6,11.44,283.6,412.5,43.4
59422500,-1.56,9.95,289.2,11.16,276.7,400.3,43.7
59424000,-1.51,9.64,298.5,11.54,286.3,413.6,43.8
59425500,-1.49,9.54,301.6,11.68,289.8,418.3,43.9
59427000,-1.51,9.72,296.0,11.54,286.2,411.8,44.0
59428500,-1.48,9.65,298.4,11.76,291.8,417.4,44.4
59430000,-1.57,9.74,295.2,11.13,275.5,403.7,43.0
59431500,-1.51,9.21,311.6,11.54,285.7,422.7,42.5
59433000,-1.59,9.87,291.3,10.98,271.8,398.4,43.0
59434500,-1.49,9.46,304.0,11.72,290.7,420.7,43.7
59436000,-1.56,9.82,292.8,11.14,276.1,402.4,43.3
59437500,-1.47,9.21,311.9,11.86,294.1,428.7,43.3
59439000,-1.56,10.04,286.8,11.16,276.6,398.5,44.0
59440500,-1.40,9.15,314.3,12.42,308.5,440.4,44.5
59442000,-1.51,9.76,294.8,11.51,285.4,410.3,44.1
59443500,-1.41,9.05,317.8,12.35,306.7,441.7,44.0
59445000,-1.52,9.88,291.4,11.44,283.7,406.7,44.2
59446500,-1.41,9.09,316.4,12.33,306.3,440.4,44.1
59448000,-1.52,9.71,296.4,11.47,284.5,410.8,43.8
59449500,-1.45,9.17,313.6,11.98,297.0,431.9,43.5
59451000,-1.52,9.76,294.8,11.47,284.4,409.6,44.0
59452500,-1.47,9.25,310.8,11.84,293.6,427.6,43.4
59454000,-1.52,9.42,304.9,11.44,283.4,416.3,42.9
59455500,-1.48,9.24,311.0,11.74,290.9,425.8,43.1
59457000,-1.51,9.61,299.4,11.54,286.2,414.2,43.7
59458500,-1.46,9.36,307.3,11.92,295.9,426.5,43.9
59460000,-1.46,9.24,311.2,11.91,295.6,429.2,43.5
59461500,-1.47,9.44,304.7,11.83,293.5,423.1,43.9
59463000,-1.44,9.42,305.5,12.09,300.2,428.3,44.5
59464500,-1.51,9.51,302.3,11.53,285.9,416.1,43.4
59466000,-1.47,8.92,321.4,11.88,294.2,435.7,42.5
59467500,-1.54,9.60,299.5,11.34,281.0,410.7,43.2
59469000,-1.46,9.18,313.1,11.93,295.9,430.8,43.4
59470500,-1.52,9.52,301.8,11.46,284.1,414.5,43.3
59472000,-1.44,8.94,321.2,12.08,299.4,439.1,43.0
59473500,-1.53,9.78,294.2,11.40,282.8,408.1,43.9
59475000,-1.39,9.04,318.2,12.49,310.1,444.4,44.3
59476500,-1.50,9.57,300.6,11.58,287.1,415.7,43.7
59478000,-1.41,8.91,322.7,12.38,307.3,445.6,43.6
59479500,-1.54,9.79,293.9,11.29,279.9,405.8,43.6
59481000,-1.42,8.97,320.3,12.26,304.1,441.7,43.5
59482500,-1.52,9.63,298.6,11.42,283.1,411.5,43.5
59484000,-1.46,9.10,315.6,11.95,296.3,432.9,43.2
59485500,-1.53,9.76,294.8,11.37,281.9,407.9,43.7
59487000,-1.48,9.14,314.3,11.78,291.7,428.8,42.9
59488500,-1.55,9.24,309.9,11.26,278.1,416.4,41.9
59490000,-1.49,9.14,314.0,11.68,289.2,426.9,42.6
59491500,-1.54,9.56,300.5,11.30,280.0,410.7,43.0
59493000,-1.48,9.27,310.1,11.78,292.0,426.0,43.3
59494500,-1.47,9.03,317.9,11.88,294.2,433.1,42.8
59496000,-1.49,9.40,306.0,11.71,290.3,421.8,43.5
59497500,-1.45,9.31,309.1,11.99,297.6,429.1,43.9
59499000,-1.53,9.39,305.8,11.39,281.9,415.9,42.7
59500500,-1.48,8.79,325.6,11.74,289.9,435.9,41.7
59502000,-1.51,9.38,306.4,11.50,284.8,418.3,42.9
59503500,-1.44,8.96,320.4,12.05,298.8,438.1,43.0
59505000,-1.51,9.26,310.1,11.56,286.2,422.0,42.7
59506500,-1.43,8.77,327.0,12.14,300.7,444.3,42.6
59508000,-1.51,9.57,300.6,11.50,285.1,414.3,43.5
59509500,-1.38,8.77,327.6,12.59,312.6,452.8,43.7
59511000,-1.50,9.40,305.8,11.61,287.9,420.0,43.3
59512500,-1.39,8.72,329.5,12.51,310.4,452.7,43.3
59514000,-1.51,9.57,300.7,11.54,286.2,415.1,43.6
59515500,-1.38,8.71,329.7,12.62,313.3,454.8,43.5
59517000,-1.49,9.33,308.0,11.70,290.2,423.2,43.3
59518500,-1.41,8.74,328.4,12.38,306.9,449.5,43.1
59520000,-1.49,9.46,304.0,11.67,289.4,419.7,43.6
59521500,-1.45,8.88,323.3,12.03,297.9,439.6,42.7
59523000,-1.50,9.00,318.4,11.62,287.2,428.8,42.0
59524500,-1.45,8.82,325.0,12.01,297.2,440.4,42.4
59526000,-1.49,9.29,309.3,11.69,289.7,423.8,43.1
59527500,-1.44,8.98,320.0,12.09,299.8,438.5,43.1
59529000,-1.45,8.95,320.7,12.02,297.9,437.7,42.9
59530500,-1.45,9.04,317.7,12.04,298.6,436.0,43.2
59532000,-1.42,9.04,318.0,12.27,304.5,440.3,43.8
59533500,-1.49,9.10,315.4,11.72,290.2,428.6,42.6
59535000,-1.45,8.50,336.1,12.00,296.1,448.0,41.4
59536500,-1.51,9.23,311.0,11.54,285.7,422.3,42.6
59538000,-1.44,8.81,325.5,12.10,299.7,442.5,42.6
59539500,-1.50,9.11,314.7,11.58,286.5,425.6,42.3
59541000,-1.46,8.70,329.0,11.96,295.5,442.2,41.9
59542500,-1.54,9.51,302.0,11.32,280.3,412.1,42.9
59544000,-1.39,8.73,329.0,12.48,309.7,451.8,43.3
59545500,-1.52,9.31,308.4,11.48,284.2,419.4,42.7
59547000,-1.40,8.58,334.5,12.45,308.6,455.1,42.7
59548500,-1.53,9.43,304.5,11.38,281.9,414.9,42.8
59550000,-1.40,8.60,333.5,12.47,309.1,454.8,42.8
59551500,-1.51,9.25,310.2,11.54,285.6,421.7,42.6
59553000,-1.40,8.66,331.5,12.43,308.1,452.6,42.9
59554500,-1.51,9.37,306.7,11.51,285.0,418.7,42.9
59556000,-1.46,8.72,328.4,11.93,295.0,441.4,41.9
59557500,-1.52,8.88,321.5,11.42,281.4,427.3,41.2
59559000,-1.47,8.76,326.8,11.82,292.0,438.3,41.8
59560500,-1.52,9.18,312.4,11.48,284.0,422.2,42.3
59562000,-1.46,8.83,324.6,11.95,295.6,439.0,42.3
59563500,-1.44,8.69,329.8,12.10,299.4,445.4,42.2
59565000,-1.43,8.90,322.8,12.18,302.1,442.1,43.1
59566500,-1.40,8.88,323.7,12.40,307.7,446.6,43.5
59568000,-1.46,8.89,322.5,11.90,294.5,436.7,42.4
59569500,-1.44,8.36,341.5,12.11,298.5,453.6,41.2
59571000,-1.50,9.08,315.8,11.62,287.4,427.0,42.3
59572500,-1.42,8.58,334.2,12.28,303.9,451.7,42.3
59574000,-1.49,8.92,321.2,11.66,288.0,431.4,41.9
59575500,-1.43,8.43,339.1,12.21,301.5,453.7,41.6
59577000,-1.49,9.19,312.6,11.71,290.1,426.5,42.9
59578500,-1.37,8.39,342.0,12.73,315.6,465.3,42.7
59580000,-1.48,9.04,317.5,11.80,292.1,431.4,42.6
59581500,-1.37,8.27,346.3,12.73,315.1,468.2,42.3
59583000,-1.48,9.13,314.5,11.76,291.4,428.7,42.8
59584500,-1.37,8.43,340.5,12.74,315.9,464.4,42.9
59586000,-1.47,8.99,319.2,11.83,292.9,433.2,42.5
59587500,-1.37,8.34,343.6,12.70,314.5,465.8,42.5
59589000,-1.47,9.10,315.7,11.86,293.9,431.3,43.0
59590500,-1.42,8.44,338.9,12.28,303.5,454.9,41.9
59592000,-1.48,8.61,331.6,11.75,289.5,440.2,41.1
59593500,-1.44,8.48,337.0,12.10,298.7,450.3,41.6
59595000,-1.47,8.90,322.0,11.82,292.4,434.9,42.2
59596500,-1.42,8.53,335.8,12.27,303.6,452.7,42.1
59598000,-1.44,8.53,335.4,12.10,298.8,449.2,41.7
59599500,-1.43,8.67,330.8,12.20,301.9,447.9,42.4
59601000,-1.40,8.68,330.7,12.40,307.5,451.6,42.9
59602500,-1.47,8.79,325.9,11.83,292.2,437.7,41.9
59604000,-1.44,8.24,345.4,12.05,296.2,455.0,40.6
59605500,-1.51,8.95,319.5,11.50,283.8,427.3,41.6
59607000,-1.44,8.51,336.2,12.12,299.4,450.2,41.7
59608500,-1.50,8.73,327.1,11.59,285.5,434.1,41.1
59610000,-1.40,8.25,346.1,12.39,305.9,461.9,41.5
59611500,-1.51,9.14,313.6,11.53,285.2,423.9,42.3
59613000,-1.37,8.35,343.5,12.73,315.5,466.4,42.6
59614500,-1.49,8.87,322.7,11.72,289.6,433.6,41.9
59616000,-1.37,8.19,349.2,12.67,313.2,469.1,41.9
59617500,-1.50,9.08,315.6,11.58,286.3,426.1,42.2
59619000,-1.37,8.26,346.6,12.71,314.6,468.1,42.2
59620500,-1.48,8.81,324.7,11.74,289.8,435.2,41.7
59622000,-1.38,8.29,345.4,12.63,312.4,465.8,42.1
59623500,-1.48,9.03,317.6,11.73,290.2,430.2,42.4
59625000,-1.41,8.26,345.8,12.34,304.4,460.7,41.4
59626500,-1.46,8.34,341.4,11.90,292.4,449.5,40.6
59628000,-1.42,8.33,342.8,12.26,302.5,457.2,41.4
59629500,-1.46,8.73,328.0,11.93,294.9,441.1,42.0
59631000,-1.41,8.32,343.7,12.36,305.2,459.6,41.6
59632500,-1.41,8.30,344.4,12.38,305.6,460.4,41.6
59634000,-1.41,8.53,335.9,12.33,305.2,453.8,42.3
59635500,-1.39,8.48,338.0,12.55,311.0,459.3,42.6
59637000,-1.42,8.44,339.1,12.24,302.5,454.4,41.7
59638500,-1.41,8.03,354.4,12.35,303.5,466.6,40.6
59640000,-1.47,8.64,330.6,11.82,291.5,440.8,41.4
59641500,-1.40,8.22,347.6,12.45,307.4,464.1,41.5
59643000,-1.46,8.56,333.9,11.93,294.2,445.0,41.4
59644500,-1.41,8.14,350.2,12.38,305.1,464.5,41.1
59646000,-1.47,8.83,324.5,11.84,292.8,437.0,42.1
59647500,-1.35,8.15,351.5,12.90,319.5,475.0,42.3
59649000,-1.45,8.65,330.7,12.00,296.5,444.2,41.9
59650500,-1.35,7.97,358.8,12.92,319.3,480.3,41.7
59652000,-1.46,8.77,326.6,11.89,293.8,439.3,42.0
59653500,-1.34,8.05,355.7,13.03,322.6,480.2,42.2
59655000,-1.45,8.63,331.7,12.05,297.7,445.7,41.9
59656500,-1.35,7.97,358.8,12.94,319.8,480.6,41.7
59658000,-1.45,8.74,328.0,12.03,297.6,442.9,42.2
59659500,-1.39,8.10,352.0,12.49,308.0,467.8,41.2
59661000,-1.46,8.24,344.8,11.91,292.3,452.0,40.3
59662500,-1.41,8.12,350.9,12.39,305.2,465.1,41.0
59664000,-1.48,8.63,331.0,11.76,289.9,440.0,41.2
59665500,-1.43,8.23,346.1,12.17,299.5,457.7,40.9
59667000,-1.45,8.32,342.2,11.97,294.3,451.3,40.7
59668500,-1.42,8.43,339.3,12.27,303.0,454.9,41.8
59670000,-1.40,8.47,338.3,12.43,307.6,457.2,42.3
59671500,-1.42,8.36,341.7,12.23,301.7,455.8,41.4
59673000,-1.42,7.95,356.8,12.25,300.4,466.4,40.1
59674500,-1.49,8.62,330.8,11.70,288.0,438.6,41.0
59676000,-1.42,8.10,351.5,12.29,302.4,463.7,40.7
59677500,-1.47,8.44,337.7,11.85,291.5,446.1,40.8
59679000,-1.42,7.98,355.8,12.26,300.8,465.9,40.2
59680500,-1.49,8.76,326.5,11.71,288.8,435.9,41.5
59682000,-1.35,8.02,356.4,12.90,318.9,478.2,41.8
59683500,-1.46,8.55,334.1,11.94,294.4,445.3,41.4
59685000,-1.36,7.88,362.1,12.84,316.6,481.0,41.2
59686500,-1.45,8.61,332.3,11.99,296.0,445.0,41.7
59688000,-1.33,7.85,364.1,13.11,324.0,487.5,41.7
59689500,-1.43,8.40,340.3,12.21,301.4,454.6,41.5
59691000,-1.33,7.83,364.7,13.11,323.9,487.8,41.6
59692500,-1.44,8.56,334.2,12.11,299.1,448.5,41.8
59694000,-1.38,7.91,360.1,12.61,310.2,475.3,40.7
59695500,-1.45,8.01,353.6,12.05,294.8,460.4,39.8
59697000,-1.39,7.93,358.5,12.49,307.0,472.0,40.6
59698500,-1.44,8.42,339.1,12.05,297.0,450.8,41.2
59700000,-1.39,7.93,359.1,12.54,308.5,473.4,40.7
59701500,-1.41,8.02,354.8,12.34,303.3,466.7,40.5
59703000,-1.38,8.16,350.4,12.58,310.8,468.3,41.6
59704500,-1.36,8.18,350.0,12.77,315.9,471.5,42.1
59706000,-1.39,8.06,354.0,12.54,309.1,470.0,41.1
59707500,-1.39,7.74,366.1,12.55,307.5,478.1,40.0
59709000,-1.44,8.27,344.4,12.06,296.7,454.5,40.7
59710500,-1.38,7.88,361.0,12.64,311.0,476.5,40.7
59712000,-1.44,8.18,347.8,12.07,296.3,456.9,40.4
59713500,-1.38,7.77,365.4,12.58,308.5,478.2,40.2
59715000,-1.45,8.37,340.9,12.05,296.7,451.9,41.0
59716500,-1.32,7.76,368.1,13.19,325.9,491.7,41.5
59718000,-1.43,8.27,344.9,12.18,300.0,457.1,41.0
59719500,-1.33,7.61,373.9,13.08,321.9,493.4,40.7
59721000,-1.44,8.46,337.6,12.06,297.5,450.0,41.4
59722500,-1.32,7.67,372.1,13.22,326.3,494.9,41.2
59724000,-1.43,8.20,347.3,12.20,300.3,459.1,40.9
59725500,-1.34,7.71,369.3,12.98,319.8,488.5,40.9
59727000,-1.45,8.56,333.8,11.98,295.7,445.9,41.5
59728500,-1.38,7.81,364.0,12.63,310.2,478.3,40.4
59730000,-1.46,7.88,357.6,11.92,290.2,460.5,39.1
59731500,-1.41,7.87,360.2,12.33,302.0,470.1,40.0
59733000,-1.46,8.29,343.3,11.96,294.0,452.0,40.6
59734500,-1.41,7.85,361.3,12.37,303.3,471.7,40.0
59736000,-1.43,7.94,356.8,12.19,298.4,465.2,39.9
59737500,-1.39,8.05,354.1,12.49,307.7,469.1,41.0
59739000,-1.38,8.08,353.5,12.62,311.5,471.2,41.4
59740500,-1.40,7.99,356.1,12.44,305.9,469.5,40.7
59742000,-1.39,7.71,367.2,12.49,305.7,477.8,39.8
59743500,-1.47,8.25,343.9,11.83,289.9,449.8,40.1
59745000,-1.38,7.88,360.9,12.57,309.1,475.2,40.6
59746500,-1.46,8.09,350.2,11.93,292.0,456.0,39.8
59748000,-1.38,7.63,370.9,12.58,307.9,482.0,39.7
59749500,-1.44,8.20,347.2,12.11,297.8,457.4,40.6
59751000,-1.32,7.56,376.4,13.17,324.2,496.8,40.7
59752500,-1.42,8.11,351.0,12.27,301.8,462.9,40.7
59754000,-1.31,7.44,381.9,13.27,326.3,502.3,40.5
59755500,-1.43,8.31,343.2,12.14,299.0,455.2,41.1
59757000,-1.30,7.51,379.4,13.35,328.9,502.1,40.9
59758500,-1.41,8.01,355.2,12.38,304.5,467.8,40.6
59760000,-1.31,7.47,380.5,13.28,326.7,501.5,40.6
59761500,-1.42,8.25,346.0,12.28,302.6,459.7,41.2
59763000,-1.34,7.48,378.9,12.97,318.1,494.8,40.0
59764500,-1.43,7.71,365.6,12.22,297.7,471.5,39.2
59766000,-1.37,7.55,374.6,12.68,310.0,486.2,39.6
59767500,-1.43,8.02,354.3,12.22,299.7,464.1,40.2
59769000,-1.37,7.53,375.8,12.73,311.3,488.0,39.6
59770500,-1.41,7.73,366.1,12.39,302.9,475.1,39.6
59772000,-1.37,7.78,365.5,12.73,313.1,481.3,40.6
59773500,-1.35,7.81,365.1,12.90,317.9,484.1,41.1
59775000,-1.36,7.68,369.8,12.82,315.0,485.8,40.4
59776500,-1.36,7.51,376.9,12.81,313.4,490.2,39.8
59778000,-1.42,7.87,360.0,12.27,300.3,468.8,39.8
59779500,-1.35,7.64,371.7,12.86,316.0,487.9,40.4
59781000,-1.42,7.83,361.3,12.25,299.6,469.3,39.7
59782500,-1.36,7.42,380.5,12.82,313.2,492.8,39.5
59784000,-1.43,7.92,357.5,12.15,297.4,465.0,39.8
59785500,-1.32,7.38,384.3,13.19,323.6,502.4,40.1
59787000,-1.44,8.05,352.6,12.13,297.5,461.4,40.2
59788500,-1.33,7.28,388.4,13.13,321.2,504.0,39.6
59790000,-1.46,8.30,342.8,11.97,294.2,451.7,40.6
59791500,-1.31,7.51,379.0,13.24,325.9,499.9,40.7
59793000,-1.42,7.99,355.2,12.22,299.8,464.8,40.2
59794500,-1.32,7.36,385.1,13.17,322.8,502.6,40.0
59796000,-1.44,8.20,347.1,12.11,297.8,457.3,40.6
59797500,-1.33,7.40,382.7,13.05,319.6,498.6,39.9
59799000,-1.44,7.66,366.9,12.11,294.3,470.4,38.7
59800500,-1.38,7.48,377.1,12.65,308.8,487.4,39.3
59802000,-1.44,7.95,356.1,12.08,295.5,462.7,39.7
59803500,-1.38,7.54,374.6,12.60,307.8,484.8,39.4
59805000,-1.43,7.67,367.1,12.19,296.7,472.0,39.0
59806500,-1.38,7.65,370.0,12.61,308.8,482.0,39.8
59808000,-1.37,7.77,365.9,12.75,313.6,481.8,40.6
59809500,-1.35,7.52,377.1,12.91,316.6,492.4,40.0
59811000,-1.35,7.42,381.3,12.91,315.8,495.1,39.6
59812500,-1.40,7.72,366.6,12.43,303.9,476.2,39.7
59814000,-1.34,7.52,377.4,13.01,319.5,494.5,40.3
59815500,-1.41,7.65,368.7,12.37,301.7,476.4,39.3
59817000,-1.36,7.18,390.9,12.83,311.3,499.7,38.5
59818500,-1.42,7.73,365.3,12.26,299.1,472.1,39.3
59820000,-1.32,7.24,389.9,13.15,321.4,505.3,39.5
59821500,-1.40,7.71,367.1,12.48,305.3,477.5,39.7
59823000,-1.30,7.08,398.9,13.42,327.9,516.4,39.4
59824500,-1.41,7.96,356.7,12.32,302.4,467.6,40.3
59826000,-1.29,7.19,393.9,13.47,330.4,514.1,40.0
59827500,-1.39,7.65,369.8,12.50,305.4,479.6,39.6
59829000,-1.29,7.13,396.6,13.44,329.0,515.3,39.7
59830500,-1.39,7.92,359.0,12.51,307.6,472.8,40.6
59832000,-1.30,7.12,396.8,13.39,327.3,514.4,39.5
59833500,-1.40,7.43,378.2,12.45,302.2,484.1,38.6
59835000,-1.35,7.18,390.9,12.86,312.4,500.4,38.6
59836500,-1.40,7.65,369.2,12.40,302.7,477.4,39.3
59838000,-1.35,7.24,388.8,12.89,313.8,499.7,38.9
59839500,-1.39,7.41,379.0,12.50,303.6,485.6,38.7
59841000,-1.35,7.39,382.1,12.87,314.3,494.8,39.4
59842500,-1.34,7.49,378.7,12.98,318.2,494.6,40.0
59844000,-1.34,7.38,383.0,12.96,316.9,497.1,39.6
59845500,-1.34,7.26,388.4,13.01,317.6,501.7,39.3
59847000,-1.38,7.55,373.9,12.58,307.3,483.9,39.4
59848500,-1.35,7.43,380.5,12.87,314.8,493.9,39.6
59850000,-1.42,7.59,370.5,12.23,297.3,475.0,38.7
59851500,-1.37,7.09,393.8,12.69,306.3,498.9,37.9
59853000,-1.44,7.72,364.5,12.09,294.0,468.3,38.9
59854500,-1.33,7.22,390.7,13.07,319.0,504.4,39.2
59856000,-1.41,7.73,365.6,12.33,301.1,473.6,39.5
59857500,-1.31,6.99,402.3,13.30,323.6,516.3,38.8
59859000,-1.43,7.96,355.9,12.16,297.8,464.1,39.9
59860500,-1.29,7.13,396.7,13.48,330.1,516.1,39.8
59862000,-1.40,7.67,368.2,12.39,302.6,476.6,39.4
59863500,-1.30,6.99,402.8,13.42,327.1,518.9,39.1
59865000,-1.41,7.90,359.3,12.39,303.9,470.6,40.2
59866500,-1.30,7.05,399.8,13.38,326.7,516.3,39.3
59868000,-1.41,7.45,376.4,12.33,299.1,480.7,38.5
59869500,-1.36,7.14,392.4,12.84,311.5,501.0,38.4
59871000,-1.41,7.61,370.6,12.37,301.4,477.7,39.1
59872500,-1.34,7.00,399.7,12.99,314.4,508.6,38.2
59874000,-1.39,7.29,384.6,12.56,304.4,490.5,38.4
59875500,-1.34,7.17,392.1,12.94,314.7,502.8,38.7
59877000,-1.34,7.38,383.2,13.00,318.1,498.1,39.7
59878500,-1.33,7.13,394.4,13.06,318.0,506.6,38.9
59880000,-1.33,7.09,396.6,13.12,319.3,509.1,38.8
59881500,-1.36,7.31,385.1,12.78,311.0,495.0,38.9
59883000,-1.31,7.25,390.5,13.27,325.0,508.0,39.8
59884500,-1.39,7.30,383.7,12.50,302.6,488.6,38.3
59886000,-1.33,6.84,407.0,13.04,314.3,514.3,37.7
59887500,-1.41,7.40,378.7,12.39,300.3,483.3,38.4
59889000,-1.33,7.01,399.8,13.10,317.9,510.7,38.5
59890500,-1.39,7.48,376.5,12.55,305.9,485.1,39.1
59892000,-1.28,6.74,415.6,13.57,329.0,530.1,38.4
59893500,-1.40,7.64,370.0,12.47,304.6,479.3,39.5
59895000,-1.27,6.88,409.3,13.66,333.3,527.8,39.2
59896500,-1.37,7.47,377.9,12.72,310.8,489.3,39.4
59898000,-1.28,6.71,417.2,13.64,330.8,532.5,38.4
59899500,-1.38,7.58,372.7,12.57,307.2,483.0,39.5
59901000,-1.27,6.79,414.1,13.70,333.4,531.6,38.8
59902500,-1.37,7.38,381.5,12.67,308.4,490.6,39.0
59904000,-1.33,6.84,407.9,13.13,317.0,516.6,37.9
59905500,-1.37,7.49,377.0,12.66,309.2,487.5,39.4
59907000,-1.33,6.87,405.8,13.04,314.7,513.5,37.8
59908500,-1.38,7.12,391.7,12.58,303.3,495.4,37.8
59910000,-1.35,7.04,397.0,12.87,311.3,504.5,38.1
59911500,-1.40,7.44,377.5,12.45,302.4,483.7,38.7
59913000,-1.34,7.13,393.5,12.95,314.6,503.8,38.6
59914500,-1.34,7.10,395.3,12.97,314.9,505.4,38.5
59916000,-1.36,7.30,385.4,12.77,310.9,495.2,38.9
59917500,-1.32,7.22,391.3,13.19,322.3,506.9,39.5
59919000,-1.40,7.31,382.6,12.39,299.5,485.9,38.1
59920500,-1.35,6.72,411.1,12.90,308.6,514.1,36.9
59922000,-1.42,7.38,378.6,12.24,295.8,480.4,38.0
59923500,-1.34,6.95,402.1,13.01,314.5,510.5,38.0
59925000,-1.40,7.43,378.1,12.46,302.8,484.3,38.7
59926500,-1.31,6.70,415.6,13.30,320.6,524.9,37.6
59928000,-1.42,7.62,369.8,12.30,299.5,475.8,39.0
59929500,-1.28,6.79,413.6,13.62,331.2,529.8,38.7
59931000,-1.39,7.40,379.4,12.49,303.4,485.8,38.6
59932500,-1.27,6.65,420.5,13.65,330.6,534.9,38.2
59934000,-1.37,7.44,379.4,12.71,310.1,490.0,39.3
59935500,-1.28,6.59,423.2,13.63,329.1,536.1,37.9
59937000,-1.37,7.27,386.4,12.75,309.8,495.3,38.7
59938500,-1.31,6.72,414.4,13.27,319.8,523.4,37.7
59940000,-1.37,7.37,382.5,12.75,310.6,492.7,39.1
59941500,-1.32,6.72,413.8,13.17,316.8,521.1,37.4
59943000,-1.37,6.95,399.4,12.67,304.2,502.0,37.3
59944500,-1.33,6.76,410.9,13.07,314.3,517.4,37.4
59946000,-1.37,7.16,390.8,12.72,308.0,497.6,38.3
59947500,-1.31,6.86,408.1,13.27,321.4,519.5,38.2
59949000,-1.31,6.83,409.7,13.32,322.4,521.3,38.2
59950500,-1.33,6.95,402.6,13.12,317.8,513.0,38.3
59952000,-1.30,6.98,403.2,13.36,325.4,518.1,38.9
59953500,-1.37,7.00,397.9,12.73,306.6,502.3,37.6
59955000,-1.32,6.48,425.0,13.23,315.5,529.4,36.6
59956500,-1.38,7.08,393.2,12.61,303.8,496.9,37.7
59958000,-1.31,6.73,414.0,13.30,320.8,523.8,37.8
59959500,-1.37,7.07,394.8,12.73,307.3,500.3,37.9
59961000,-1.29,6.47,427.7,13.45,322.2,535.5,37.0
59962500,-1.37,7.33,383.5,12.68,308.5,492.2,38.8
59964000,-1.26,6.55,426.9,13.84,335.0,542.7,38.1
59965500,-1.36,7.17,391.4,12.84,311.5,500.2,38.5
59967000,-1.26,6.37,435.6,13.82,332.1,547.8,37.3
59968500,-1.37,7.25,387.1,12.71,308.5,495.0,38.6
59970000,-1.26,6.45,431.6,13.83,333.7,545.6,37.7
59971500,-1.37,7.16,391.0,12.71,307.8,497.6,38.2
59973000,-1.31,6.59,420.3,13.27,318.3,527.2,37.1
59974500,-1.38,7.36,381.9,12.62,306.7,489.9,38.8
59976000,-1.33,6.56,419.7,13.06,311.5,522.7,36.6
59977500,-1.40,6.94,398.0,12.47,297.9,497.2,36.8
59979000,-1.34,6.64,415.5,12.99,310.2,518.6,36.7
59980500,-1.38,7.11,392.1,12.58,303.4,495.7,37.7
59982000,-1.32,6.83,408.4,13.15,317.6,517.4,37.9
59983500,-1.33,6.75,411.8,13.11,315.2,518.6,37.4
59985000,-1.33,6.93,403.6,13.09,316.7,513.0,38.1
59986500,-1.30,6.93,405.0,13.34,324.2,518.8,38.7
59988000,-1.38,6.97,398.0,12.58,301.7,499.4,37.2
59989500,-1.34,6.35,429.2,13.04,307.8,528.1,35.6
59991000,-1.40,7.06,393.1,12.45,298.7,493.7,37.2
59992500,-1.32,6.62,418.7,13.22,317.1,525.2,37.1
59994000,-1.38,7.05,394.9,12.66,305.0,499.0,37.7
59995500,-1.29,6.39,431.3,13.44,320.9,537.6,36.7
59997000,-1.37,7.18,390.0,12.71,307.7,496.8,38.3
59998500,-1.24,6.39,436.1,14.00,337.8,551.7,37.8
60000000,-1.35,7.00,399.2,12.89,311.5,506.3,38.0
